frame,DetObj#,x,y,z,v,Azimuth,Elevation,snr,noise
0,0,0.06592992693185806,1.052375316619873,0.03047819435596466,0.0,3.5848200247004622,1.6556544691941255,226,451
0,1,0.0,2.109757661819458,0.0,0.0,0.0,0.0,124,405
0,2,0.05274394154548645,0.8420745134353638,-0.017347434535622597,0.038847148418426514,3.5840801106878435,-1.1778661163272663,249,498
0,3,0.05274394154548645,0.8421861529350281,0.010626892559230328,0.07769429683685303,3.5836062461639795,0.721519114375118,310,452
0,4,0.0,2.109757661819458,0.0,0.07769429683685303,0.0,0.0,118,406
0,5,0.05274394154548645,0.8419013619422913,0.024342693388462067,0.11654144525527954,3.5848153163887773,1.6529470396793067,295,409
0,6,0.0,1.0547778606414795,0.014589870348572731,-0.11654144525527954,0.0,0.792474624103124,132,401
0,7,0.03296496346592903,1.0500202178955078,0.09560493379831314,-0.07769429683685303,1.798187390641682,5.199920332664094,187,421
0,8,0.0,1.2633124589920044,0.08018462359905243,-0.038847148418426514,0.0,3.631790229199269,217,472
1,0,0.07911591231822968,0.8273048400878906,0.1465599238872528,0.0,5.462635366645101,10.00121951028435,200,446
1,1,0.0,1.2649987936019897,0.04654116556048393,0.038847148418426514,0.0,2.1070456087291753,193,456
1,2,0.06592992693185806,1.0463390350341797,0.11660770326852798,0.07769429683685303,3.6054462908002773,6.3465210976194015,187,415
1,3,0.0,1.0511486530303955,0.08863330632448196,0.11654144525527954,0.0,4.819803513642201,152,405
1,4,0.05274394154548645,0.8341973423957825,0.11621203273534775,-0.07769429683685303,3.617834447831564,7.91522812687163,197,469
1,5,0.03296496346592903,1.0500568151474,0.09520141035318375,-0.038847148418426514,1.79812476020734,5.177913076349331,213,498
2,0,0.026371970772743225,0.8428388833999634,0.03316020220518112,0.0,1.7921691060643017,2.251951519292685,203,421
2,1,0.06592992693185806,1.0521771907806396,0.036685314029455185,0.038847148418426514,3.585493288530131,1.9929658869936069,226,474
2,2,0.03296496346592903,1.0485379695892334,0.11068358272314072,0.07769429683685303,1.8007276960196235,6.022868339357004,202,438
2,3,0.11867386847734451,1.2577937841415405,-0.07911591231822968,-0.07769429683685303,5.389947376245126,-3.5833215266937097,132,415
2,4,0.06592992693185806,1.0518115758895874,0.04599093645811081,-0.038847148418426514,3.5867363706977184,2.4987911419904765,178,465
3,0,0.07911591231822968,0.8342345356941223,0.09982907027006149,0.0,5.417530249312719,6.7936818867645545,238,415
3,1,0.07911591231822968,0.8333541750907898,0.10692927241325378,0.038847148418426514,5.423219258450313,7.2794015684072075,236,475
3,2,0.07911591231822968,0.8309518098831177,0.12422630935907364,0.07769429683685303,5.438804447323304,8.464956314746988,212,430
3,3,0.07911591231822968,0.8334741592407227,0.10599005967378616,-0.038847148418426514,5.422443203627656,7.215121230108446,179,445
4,0,0.07911591231822968,1.2591320276260376,0.10351355373859406,0.038847148418426514,3.595378655735421,4.690522652700349,202,453
4,1,0.03955795615911484,1.264636516571045,0.03895602002739906,0.07769429683685303,1.7916335045259115,1.76352636497078,134,423
4,2,0.03955795615911484,1.2605211734771729,0.10912998020648956,-0.07769429683685303,1.797478989517333,4.945638051819865,156,410
4,3,0.07911591231822968,1.2588369846343994,0.10704181343317032,-0.038847148418426514,3.596219120209547,4.850775864932516,214,443
5,0,0.0,1.0493319034576416,-0.10803687572479248,0.0,0.0,-5.87833354139408,124,396
5,1,0.07911591231822968,1.2627137899398804,0.04101872071623802,0.038847148418426514,3.5852067897103557,1.8569360069655805,214,449
5,2,0.03955795615911484,1.2641122341156006,0.05332209914922714,0.07769429683685303,1.7923760884593511,2.4142073691000254,158,413
5,3,0.03955795615911484,1.261541485786438,0.09662375599145889,-0.07769429683685303,1.7960261730107343,4.377693507289929,163,393
5,4,0.07911591231822968,1.2622729539871216,0.05287310853600502,-0.038847148418426514,3.586455619102235,2.3938669528543346,223,427
6,0,0.0,1.053802251815796,-0.04764596000313759,0.0,0.0,-2.5887726927031456,144,380
6,1,0.06592992693185806,1.0527135133743286,-0.014730909839272499,0.038847148418426514,3.5836713603316643,-0.8001358226248867,212,444
6,2,0.06592992693185806,1.0523412227630615,0.031630370765924454,0.07769429683685303,3.5849358631834223,1.718262257206181,155,412
6,3,0.03296496346592903,1.0535224676132202,-0.04210694506764412,-0.07769429683685303,1.7922135386477867,-2.287647996102862,131,417
6,4,0.06592992693185806,1.0521304607391357,-0.03800236061215401,-0.038847148418426514,3.5856521216236135,-2.064546156799015,209,432
7,0,0.026371970772743225,0.8182053565979004,0.20498026907444,0.0,1.8460887525155152,14.057499084454728,123,384
7,1,0.09889489412307739,0.9480952024459839,0.4517795145511627,0.038847148418426514,5.954932395216599,25.358213029362638,168,439
7,2,0.0,0.9135518670082092,0.5274394154548645,0.07769429683685303,0.0,29.999999992838863,114,412
7,3,0.06592992693185806,0.9344602227210999,0.4849812388420105,0.07769429683685303,4.035760051600814,27.371017695076286,114,412
7,4,0.06592992693185806,1.0424450635910034,0.14741460978984833,-0.038847148418426514,3.618878427654527,8.033121239346995,173,431
8,0,0.03296496346592903,1.053794264793396,-0.03464643284678459,0.038847148418426514,1.7917515879207087,-1.8821606136336082,165,449
8,1,0.03296496346592903,1.052880883216858,-0.05589829757809639,-0.038847148418426514,1.7933049305400226,-3.03754046218982,169,437
9,0,0.03296496346592903,1.0536781549453735,0.038012903183698654,0.0,1.7919489008995766,2.065119257806243,180,386
9,1,0.0,1.050232172012329,-0.09890230000019073,0.038847148418426514,0.0,-5.379783394975417,210,440
9,2,0.0,1.0503796339035034,-0.0973241776227951,0.07769429683685303,0.0,-5.293694224235813,150,411
9,3,-0.03296496346592903,1.0317384004592896,-0.21725225448608398,-0.038847148418426514,-1.8300287706786023,-11.88511449103559,182,431
10,0,0.05274394154548645,0.8347941040992737,0.11184462904930115,0.0,3.615255060795343,7.615963814799433,194,420
10,1,0.06592992693185806,1.0510309934616089,0.06129036843776703,0.038847148418426514,3.5893932158165196,3.330864209740813,256,446
10,2,0.06592992693185806,1.0508708953857422,0.06397594511508942,0.07769429683685303,3.589938622731172,3.47698938652282,205,411
10,3,0.05274394154548645,0.8357871770858765,0.10416463017463684,-0.07769429683685303,3.6109708274124253,7.090213810863538,196,425
10,4,0.06592992693185806,1.0480892658233643,0.09965690970420837,-0.038847148418426514,3.599441306740013,5.420952579785002,251,450
11,0,-0.03955795615911484,1.2523422241210938,0.18017257750034332,0.0,-1.8092104080665807,8.182855092777936,157,395
11,1,0.03296496346592903,1.044006109237671,0.14742450416088104,0.038847148418426514,1.80853918160401,8.033664355150256,233,467
11,2,0.03296496346592903,1.0430728197097778,0.1538887470960617,0.07769429683685303,1.8101562961688276,8.38840736683843,207,405
11,3,0.03296496346592903,1.046769142150879,0.12632083892822266,-0.07769429683685303,1.8037685519951019,6.877625515897813,171,427
11,4,0.09889489412307739,1.0422300100326538,0.1294056475162506,-0.07769429683685303,5.420440335448734,7.046421216936818,171,427
11,5,0.09889489412307739,1.0415382385253906,0.1348603069782257,-0.038847148418426514,5.424019033446923,7.345043531951389,236,454
12,0,0.07911591231822968,0.8345896601676941,0.09681516885757446,0.0,5.415238753919075,6.587653579486113,203,415
12,1,0.09889489412307739,1.0322376489639282,0.19358401000499725,0.038847148418426514,5.472594736735081,10.574450236485315,250,466
12,2,0.06592992693185806,1.034921407699585,0.1932881772518158,0.07769429683685303,3.6451162197689833,10.558105574042916,212,417
12,3,0.06592992693185806,1.0351146459579468,0.19225075840950012,0.11654144525527954,3.64443757283794,10.500792840206389,115,415
12,4,0.06592992693185806,1.038710594177246,0.17176386713981628,-0.07769429683685303,3.6318545956509998,9.371085176568045,182,409
12,5,0.09889489412307739,1.0338544845581055,0.1847543865442276,-0.038847148418426514,5.464088033414012,10.086965188792547,250,440
13,0,0.09889489412307739,1.0186737775802612,0.25552451610565186,0.038847148418426514,5.545012378615294,14.01826303852931,196,460
13,1,0.06592992693185806,1.020111083984375,0.26037684082984924,0.07769429683685303,3.697891479329726,14.290067629692265,149,418
13,2,0.09889489412307739,1.035414218902588,0.17580300569534302,-0.07769429683685303,5.4559067067987685,9.593509399710669,163,399
13,3,0.09889489412307739,1.0338140726089478,0.18498001992702484,-0.038847148418426514,5.464300332681551,10.099413731737801,226,425
14,0,0.07911591231822968,0.8343835473060608,0.09857559204101562,0.0,5.416568493520305,6.707984576325544,206,401
14,1,0.09889489412307739,1.035231590270996,0.17687484622001648,0.038847148418426514,5.456863392083688,9.652557955155368,225,439
14,2,0.0,1.0350974798202515,0.20332880318164825,0.07769429683685303,0.0,11.113364801265028,154,409
14,3,0.06592992693185806,1.0465929508209229,0.11430606245994568,-0.07769429683685303,3.604573873517062,6.220751937779239,204,416
14,4,0.06592992693185806,1.0440078973770142,0.1359051764011383,-0.038847148418426514,3.6134754902212967,7.402268697592771,241,458
15,0,0.01977897807955742,0.6305381655693054,0.05125798285007477,0.038847148418426514,1.7966882126033723,4.645218998886386,148,450
15,1,0.09230189770460129,1.4476045370101929,0.27739739418029785,0.038847148418426514,3.648344246414253,10.826344386907316,125,423
15,2,0.03955795615911484,0.6297564506530762,0.049385812133550644,-0.038847148418426514,3.59429427246094,4.475202302199357,137,438
15,3,0.0,1.4715169668197632,0.12516234815120697,-0.038847148418426514,0.0,4.861687153957323,124,423
15,4,0.13845284283161163,1.4501787424087524,0.24257007241249084,-0.038847148418426514,5.453666984018685,9.453695421321784,124,423
16,0,0.05274394154548645,0.842154324054718,-0.012907794676721096,0.038847148418426514,3.5837413341344004,-0.8763932722536285,146,430
16,1,0.03955795615911484,1.2296172380447388,0.2981015145778656,-0.038847148418426514,1.842624217113635,13.620760420371942,173,404
17,0,0.13185985386371613,0.9523827433586121,0.4339924156665802,0.0,7.882636046582206,24.293720906549833,196,412
17,1,0.13185985386371613,0.9571211338043213,0.42344003915786743,0.038847148418426514,7.84409870402922,23.666420867866716,220,458
17,2,0.09889489412307739,0.9661976099014282,0.41164475679397583,0.07769429683685303,5.844141974366821,22.968774638867245,178,419
17,3,0.06592992693185806,0.9973141551017761,0.33732345700263977,-0.038847148418426514,3.782176466059195,18.649293867762704,194,430
17,4,0.13185985386371613,0.9553036689758301,0.4275246262550354,-0.038847148418426514,7.858835800199532,23.90887175666055,194,430
18,0,0.0,1.2655067443847656,0.029677273705601692,0.0,0.0,1.3433914418793285,193,483
18,1,0.15823182463645935,0.6776875257492065,0.4773622155189514,0.038847148418426514,13.142419775589252,34.44813627605415,142,541
18,2,-0.15823182463645935,0.8077521920204163,-0.18620286881923676,0.038847148418426514,-11.083411282340963,-12.746910859399224,142,541
18,3,0.13185985386371613,0.9440404772758484,0.45185160636901855,0.07769429683685303,7.951405961382374,25.362547810285218,267,486
18,4,0.13185985386371613,0.9640307426452637,0.4074642062187195,0.11654144525527954,7.788569279451796,22.722379715398965,267,446
18,5,0.09889489412307739,0.9354119300842285,0.47748684883117676,0.15538859367370605,6.035083505632803,26.913585546042288,117,446
18,6,0.0,1.265709400177002,-0.019172852858901024,-0.07769429683685303,0.0,-0.8678449734177512,127,424
18,7,0.03955795615911484,1.263774037361145,0.06081332638859749,-0.038847148418426514,1.79285543065232,2.7536247737410573,128,491
19,0,0.11867386847734451,1.2472469806671143,0.18077465891838074,0.0,5.435253318983882,8.210388183286955,249,520
19,1,0.11867386847734451,1.2507611513137817,0.15459924936294556,0.038847148418426514,5.420073360641829,7.015066395700142,283,543
19,2,0.11867386847734451,1.248062014579773,0.17505870759487152,0.07769429683685303,5.43172511864754,7.949076037320338,254,547
19,3,0.07911591231822968,1.240721344947815,0.2381996214389801,0.11654144525527954,3.6485863113928287,10.84618016119179,197,520
19,4,0.16482481360435486,0.9273626208305359,0.47497448325157166,0.15538859367370605,10.078223174960552,26.760654121156474,248,450
19,5,0.13185985386371613,0.960509717464447,0.415696382522583,0.19423574209213257,7.816768196106967,23.20800082475259,313,433
19,6,0.13185985386371613,0.9509322047233582,0.43716156482696533,0.23308289051055908,7.894508616300817,24.482718076093235,261,414
19,7,0.07911591231822968,1.230144739151001,0.28787606954574585,0.2719300389289856,3.6798704967782325,13.145010053337872,173,402
19,8,-0.15823182463645935,0.82790207862854,-0.0413920059800148,-0.23308289051055908,-10.820102040937206,-2.811388124325183,152,408
19,9,-0.18460379540920258,0.8227753043174744,-0.033685557544231415,-0.19423574209213257,-12.645869393287215,-2.287647865176469,192,394
19,10,-0.07911591231822968,0.8351975679397583,-0.0914226770401001,-0.15538859367370605,-5.411320618097038,-6.219237742022172,208,413
19,11,-0.1054878830909729,0.8290537595748901,-0.11710906773805618,-0.11654144525527954,-7.251286985834376,-7.976721660978867,214,455
19,12,-0.03955795615911484,0.6181689500808716,-0.12999726831912994,-0.07769429683685303,-3.6614872712997366,-11.852360697022139,137,524
20,0,0.0,1.2611620426177979,0.10889545828104019,0.0,0.0,4.934983251305623,228,523
20,1,0.0,1.26309072971344,0.08360517770051956,0.038847148418426514,0.0,3.7869381376112945,234,576
20,2,-0.03955795615911484,1.2639005184173584,0.05812476575374603,0.07769429683685303,-1.7926761330929828,2.6317992450705496,221,546
20,3,-0.03955795615911484,1.2561174631118774,0.15163086354732513,0.11654144525527954,-1.803776455425643,6.879716013039447,177,511
20,4,0.35602161288261414,1.1732475757598877,0.3148438632488251,0.11654144525527954,16.880404364919563,14.401804781636386,177,511
20,5,0.09889489412307739,0.9348981380462646,0.47849205136299133,0.15538859367370605,6.038375709096223,26.974831494143455,145,519
20,6,0.09889489412307739,0.9859889149665833,0.3616836667060852,0.19423574209213257,5.7276230350879285,20.051673618404653,249,505
20,7,0.13185985386371613,0.9726036787033081,0.3865545988082886,0.23308289051055908,7.720749228776572,21.496509416369122,255,471
20,8,0.16482481360435486,0.9659639000892639,0.39053288102149963,0.2719300389289856,9.683262072777632,21.728930398665952,134,448
20,9,0.03955795615911484,1.2602145671844482,0.11261634528636932,0.3107771873474121,1.7979160235880198,5.104048260246683,123,427
20,10,0.0,1.2657957077026367,-0.012206386774778366,0.3496243357658386,0.0,-0.5525005056012675,114,441
20,11,0.0,1.2648265361785889,0.051008276641368866,0.38847148418426514,0.0,2.309388717276859,124,461
20,12,-0.03955795615911484,1.265181541442871,-0.01177531573921442,0.42731863260269165,-1.7908621932301387,-0.5329882557035908,179,452
20,13,0.0,1.2657970190048218,-0.012073427438735962,0.46616578102111816,0.0,-0.5464821373441103,195,424
20,14,-0.03955795615911484,1.2614861726760864,-0.09734328091144562,0.5438600778579712,-1.7961048728231157,-4.410357020260832,187,420
20,15,0.0,1.2658545970916748,0.0,0.5827072262763977,0.0,0.0,188,408
20,16,0.0,1.2650691270828247,-0.04458755999803543,0.6215543746948242,0.0,-2.0185631893740394,161,407
20,17,0.0,1.2614113092422485,-0.10596952587366104,0.6604015231132507,0.0,-4.802068408718947,161,396
20,18,-0.07911591231822968,1.2477056980133057,-0.19839170575141907,0.6604015231132507,-3.6282171211513163,-9.016883151502999,161,396
20,19,-0.11867386847734451,0.6093788146972656,-0.12317049503326416,-0.6992486715316772,-11.020168566785504,-11.221619565561125,151,405
20,20,-0.09889489412307739,0.6143140196800232,-0.11590985953807831,-0.6604015231132507,-9.145255336167283,-10.552299644967926,208,407
20,21,-0.07911591231822968,0.6195787191390991,-0.1022735983133316,-0.6215543746948242,-7.276893660396669,-9.299094007220125,248,414
20,22,-0.07911591231822968,0.6207467317581177,-0.0949268639087677,-0.5827072262763977,-7.263347634802948,-8.625806950986115,278,415
20,23,-0.07911591231822968,0.6241942644119263,-0.06869601458311081,-0.5438600778579712,-7.223655831270509,-6.230985604821607,291,420
20,24,-0.09889489412307739,0.623358428478241,-0.047339972108602524,-0.5050129294395447,-9.014759965919056,-4.28945925596851,296,419
20,25,-0.09889489412307739,0.6223840117454529,-0.05877825245261192,-0.46616578102111816,-9.02864134631535,-5.328582843512814,262,414
20,26,-0.09889489412307739,0.6226236820220947,-0.056182801723480225,-0.42731863260269165,-9.02522311297039,-5.092654292366416,186,426
20,27,-0.15823182463645935,0.8089683055877686,-0.1808464378118515,-0.38847148418426514,-11.067161353192258,-12.374324141861154,124,421
20,28,0.0,1.0485718250274658,0.11518001556396484,-0.3496243357658386,0.0,6.268504426145636,113,429
20,29,0.0,1.254128098487854,0.17190274596214294,-0.3107771873474121,0.0,7.804868516240909,115,436
20,30,0.0,1.2656935453414917,0.020193735137581825,-0.07769429683685303,0.0,0.9140582592631622,139,550
20,31,-0.07252292335033417,2.3175735473632812,-0.09693707525730133,-0.07769429683685303,-1.792349553592675,-2.3939422043098135,113,499
20,32,0.0,1.2656574249267578,0.022340508177876472,-0.038847148418426514,0.0,1.0112403989941523,173,550
20,33,-0.07252292335033417,2.305802822113037,-0.2526233494281769,-0.038847148418426514,-1.8014931748439766,-6.249312713016045,115,498
21,0,0.0,1.2548035383224487,0.1669015735387802,0.0,0.0,7.576447513582119,235,513
21,1,0.0,1.2610267400741577,0.11045157164335251,0.038847148418426514,0.0,5.005682621384358,229,562
21,2,0.0,1.2625434398651123,0.0914982333779335,0.07769429683685303,0.0,4.145056150812675,251,541
21,3,0.03955795615911484,1.2463349103927612,0.21788115799427032,0.11654144525527954,1.8179249349994095,9.911207719466171,271,495
21,4,0.07911591231822968,1.2238457202911377,0.31357669830322266,0.15538859367370605,3.698758001718865,14.342596243590027,233,504
21,5,0.07911591231822968,1.2258716821670532,0.30556073784828186,0.19423574209213257,3.692662100821628,13.968410822835667,187,522
21,6,0.0,1.248499870300293,0.2088925540447235,0.23308289051055908,0.0,9.49845220501584,165,510
21,7,0.03296496346592903,1.0543509721755981,-0.005164927337318659,0.2719300389289856,1.790806142154636,-0.2805343261476427,126,469
21,8,0.06592992693185806,1.0526890754699707,-0.016383126378059387,0.3107771873474121,3.583754337520626,-0.8898858016938869,164,451
21,9,-0.07911591231822968,1.2625386714935303,0.04609541967511177,0.38847148418426514,-3.5857027728867745,2.0868565142745377,135,457
21,10,-0.15823182463645935,1.254398226737976,-0.06193399429321289,0.38847148418426514,-7.189410990664192,-2.8044086465405615,135,457
21,11,0.03955795615911484,1.2632538080215454,-0.07080285251140594,0.46616578102111816,1.7935932767659775,-3.2063892603028616,143,431
21,12,0.0,1.2654112577438354,0.03350043296813965,0.5050129294395447,0.0,1.5164913188877005,126,429
21,13,0.07911591231822968,0.8251519799232483,0.15823182463645935,0.5827072262763977,5.476801092006547,10.806922539953156,137,401
21,14,0.0,1.2608779668807983,0.11213640123605728,0.6215543746948242,0.0,5.082239000881916,114,418
21,15,-0.16482481360435486,1.0380494594573975,0.08975290507078171,0.6604015231132507,-9.02228669916624,4.880832823016542,119,416
21,16,0.0,1.0493319034576416,-0.10803687572479248,-0.8546372652053833,0.0,-5.87833354139408,118,398
21,17,0.0,1.2658545970916748,0.0,-0.8157901167869568,0.0,0.0,135,394
21,18,0.07911591231822968,1.2629194259643555,0.03410687670111656,-0.8157901167869568,3.5846245473388025,1.5439502139963732,135,394
21,19,0.0,1.0531487464904785,0.060390911996364594,-0.7769429683685303,0.0,3.281928845979975,120,399
21,20,-0.15823182463645935,1.241953730583191,-0.1868194043636322,-0.7380958199501038,-7.2606845744949196,-8.486919678004455,120,405
21,21,-0.06592992693185806,1.04452645778656,-0.13185985386371613,-0.6992486715316772,-3.6116863116852995,-7.180755953653309,127,408
21,22,-0.09889489412307739,1.004718542098999,-0.30582666397094727,-0.6604015231132507,-5.6215409366926234,-16.852949415803533,119,405
21,23,0.0,1.0443170070648193,0.1489003598690033,-0.6215543746948242,0.0,8.114628464956272,182,405
21,24,0.0,1.041702389717102,0.16620902717113495,-0.5827072262763977,0.0,9.065425860976989,199,408
21,25,0.0,1.0383665561676025,0.18591420352458954,-0.5438600778579712,0.0,10.150957361929487,195,387
21,26,-0.11867386847734451,0.6209379434585571,0.03081558272242546,-0.5050129294395447,-10.819908344391548,2.790685470347549,128,415
21,27,0.0,0.8973195552825928,0.5546053051948547,-0.5050129294395447,0.0,31.718921587835574,140,409
21,28,-0.13845284283161163,0.6132891178131104,0.072829969227314,-0.46616578102111816,-12.72152921989155,6.607573951619983,151,421
21,29,0.0,1.2288397550582886,-0.3038760721683502,-0.46616578102111816,0.0,-13.889849564865708,161,404
21,30,0.03296496346592903,1.0541714429855347,0.02012888342142105,-0.42731863260269165,1.7911109242481849,1.0933673732127003,214,391
21,31,-0.13845284283161163,0.6087138652801514,0.10438007861375809,-0.38847148418426514,-12.814002054672438,9.492376894550342,183,418
21,32,0.07911591231822968,1.2579907178878784,0.11656704545021057,-0.38847148418426514,3.598631988510435,5.2836045256637005,205,403
21,33,-0.11867386847734451,0.6210489273071289,0.028491439297795296,-0.3496243357658386,-10.818020415551212,2.580060848630646,180,429
21,34,0.11867386847734451,1.242033839225769,0.21367301046848297,-0.3496243357658386,5.457929028329598,9.717907319835595,187,406
21,35,0.0,1.0514646768569946,0.08480225503444672,-0.3107771873474121,0.0,4.611012954552341,218,416
21,36,-0.13845284283161163,0.6083817481994629,0.10629875957965851,-0.2719300389289856,-12.820766134268904,9.668522300684138,176,439
21,37,0.0,1.2583509683609009,0.1376255303621292,-0.2719300389289856,0.0,6.24161708678174,203,417
21,38,-0.11867386847734451,0.6204016804695129,0.04019017145037651,-0.23308289051055908,-10.829039811267126,3.6406668662412773,188,428
21,39,-0.1054878830909729,0.8371267914772034,0.016231412068009377,-0.19423574209213257,-7.182091197718447,1.102080053514921,187,434
21,40,0.0,1.2459948062896729,0.22334934771060944,-0.15538859367370605,0.0,10.16255795754499,221,444
21,41,0.0,1.2595669031143188,0.12601238489151,-0.11654144525527954,0.0,5.713101510865367,279,474
21,42,0.0,1.2582606077194214,0.13844922184944153,-0.07769429683685303,0.0,6.279123112838967,277,499
21,43,0.0,1.2514902353286743,0.19015827775001526,-0.038847148418426514,0.0,8.639749037888189,246,498
22,0,0.23075474798679352,1.0287460088729858,0.0346870981156826,0.0,12.642575477967208,1.884370642120428,178,528
22,1,0.19778978824615479,1.2466890811920166,0.09504448622465134,0.038847148418426514,9.014957513028369,4.306006001801554,180,559
22,2,0.0,1.2632708549499512,0.0808366909623146,0.07769429683685303,0.0,3.661364459860036,227,534
22,3,0.03955795615911484,1.2466669082641602,0.21597345173358917,0.11654144525527954,1.817441131040871,9.823563569472501,281,490
22,4,0.03955795615911484,1.2422112226486206,0.24027962982654572,0.15538859367370605,1.8239557124802943,10.942054407777276,221,498
22,5,0.03955795615911484,1.2318381071090698,0.28878679871559143,0.19423574209213257,1.8393044515611625,13.187345914884922,189,485
22,6,0.0,1.2434844970703125,0.23692627251148224,0.23308289051055908,0.0,10.787502897511425,167,464
22,7,0.03955795615911484,1.248599648475647,0.20450398325920105,0.2719300389289856,1.8146297484931027,9.297112691766015,172,445
22,8,0.03955795615911484,1.2512032985687256,0.18791842460632324,0.3496243357658386,1.8108561715233165,8.537218189878306,116,471
22,9,0.0,1.0516667366027832,0.08225853741168976,0.8546372652053833,0.0,4.472415605793834,120,411
22,10,0.0,0.9679208993911743,0.419402539730072,1.3596501350402832,0.0,23.427205198828737,114,415
22,11,0.0,0.7515605688095093,0.38383474946022034,1.5927331447601318,0.0,27.054173022095018,114,411
22,12,0.0,0.7865498065948486,0.3057969808578491,1.6315802335739136,0.0,21.24522190685078,118,410
22,13,0.0,0.7677050828933716,0.3504301905632019,1.6704273223876953,0.0,24.53501905895278,130,420
22,14,-0.026371970772743225,0.7694992423057556,0.34546756744384766,1.7092745304107666,-1.9628498365788718,24.165188296736506,158,412
22,15,-0.026371970772743225,0.7583947777748108,0.36920759081840515,1.748121738433838,-1.9915670314382745,25.944480149220546,172,403
22,16,0.0,0.7477217316627502,0.3912602365016937,1.7869688272476196,0.0,27.621706244523537,177,409
22,17,0.0,0.7623845934867859,0.36185920238494873,1.8258159160614014,0.0,25.39094647641394,184,418
22,18,0.0,0.7643259763717651,0.35774046182632446,1.8646631240844727,0.0,25.081801940370802,198,413
22,19,0.0,0.756489634513855,0.37402644753456116,1.903510332107544,0.0,26.30888540015904,192,417
22,20,0.0,0.7528554797172546,0.38128864765167236,1.9423574209213257,0.0,26.860236258123727,203,406
22,21,0.0,0.7589898109436035,0.36892661452293396,1.9812045097351074,0.0,25.923267177616623,213,402
22,22,0.0,0.7522697448730469,0.3824429512023926,2.0200517177581787,0.0,26.948118794546783,220,399
22,23,0.0,0.7596117258071899,0.36764439940452576,2.05889892578125,0.0,25.826513063351282,212,406
22,24,0.0,0.7448943853378296,0.396616667509079,2.097745895385742,0.0,28.032928567649726,207,408
22,25,0.0,0.7393094301223755,0.40693235397338867,2.1365931034088135,0.0,28.82936449703785,203,411
22,26,0.0,0.7410867810249329,0.40368643403053284,2.1754403114318848,0.0,28.57811164235807,198,417
22,27,0.0,0.7392483353614807,0.40704336762428284,2.214287519454956,0.0,28.837967634530923,201,412
22,28,0.0,0.7461435794830322,0.3942614495754242,2.2531347274780273,0.0,27.851923876335643,189,414
22,29,0.0,0.7296717166900635,0.4239712059497833,2.2919816970825195,0.0,30.158462749538387,188,405
22,30,0.0,0.719789981842041,0.44053924083709717,2.330828905105591,0.0,31.468240562141563,175,407
22,31,0.0,0.7206399440765381,0.439147412776947,2.369676113128662,0.0,31.357517008251225,171,400
22,32,0.0,0.7209010720252991,0.43871867656707764,2.4085230827331543,0.0,31.323434423041743,187,400
22,33,0.0,0.7087861895561218,0.45803332328796387,2.4473702907562256,0.0,32.871439033049214,168,405
22,34,-0.23734773695468903,0.6591097116470337,0.4705452620983124,-2.486217498779297,-19.804127712743657,33.888749250585064,176,401
22,35,0.07911591231822968,0.7637463808059692,-0.3501492142677307,-2.486217498779297,5.914132522185782,-24.514052279732276,176,401
22,36,-0.23734773695468903,0.6549924612045288,0.476259708404541,-2.4473702907562256,-19.918851590189828,34.35741422946833,162,403
22,37,0.05274394154548645,0.7722939848899841,-0.3360840082168579,-2.4473702907562256,3.9069576762335685,-23.468794374084744,162,403
22,38,0.1054878830909729,0.7441206574440002,-0.38383474946022034,-2.369676113128662,8.06858954700986,-27.054173890605785,143,408
22,39,-0.23734773695468903,0.614770233631134,0.5271584391593933,-2.369676113128662,-21.110354038617754,38.65775330341729,143,408
22,40,0.07911591231822968,0.7637463808059692,-0.3501492142677307,-2.330828905105591,5.914132522185782,-24.514052279732276,132,400
22,41,-0.26371970772743225,0.6036820411682129,0.5274394154548645,-2.330828905105591,-23.598207505017108,38.68218603579026,132,400
22,42,0.05274394154548645,0.7396401762962341,-0.40289315581321716,-2.2919816970825195,4.0788730294965365,-28.516797438782596,146,389
22,43,0.15823182463645935,0.7514833807945251,-0.34986820816993713,-2.2919816970825195,11.890468422286046,-24.493085128624546,146,389
22,44,0.1054878830909729,0.696944534778595,-0.464018315076828,-2.2531347274780273,8.606826022206006,-33.35657810152816,127,412
22,45,0.03955795615911484,1.2627604007720947,0.07911591231822968,-0.3107771873474121,1.794293642052232,3.583321558972172,144,421
22,46,0.0,1.25199294090271,0.1868194043636322,-0.2719300389289856,0.0,8.486919825176399,153,412
22,47,0.0,1.2654765844345093,0.030934007838368416,-0.23308289051055908,0.0,1.4002907844636454,141,423
22,48,0.0,1.265106201171875,0.04352159798145294,-0.19423574209213257,0.0,1.9702858797038667,145,428
22,49,0.07911591231822968,1.251531958580017,0.17261621356010437,-0.15538859367370605,3.617154206775521,7.837464876272773,182,435
22,50,0.0,1.265604853630066,0.025148291140794754,-0.07769429683685303,0.0,1.1383500517533924,266,471
22,51,0.0,1.2613213062286377,-0.10703527182340622,-0.038847148418426514,0.0,-4.850478474707746,245,514
23,0,0.059336934238672256,0.6210259795188904,0.10678409039974213,0.0,5.45784988552875,9.713092737789776,137,561
23,1,0.046150948852300644,1.4696202278137207,-0.13825541734695435,0.0,1.7986863749229103,-5.371685408325539,146,526
23,2,0.0,1.262488603591919,0.09225243330001831,0.038847148418426514,0.0,4.179283258485811,246,508
23,3,0.0,1.261384129524231,0.1062917485833168,0.07769429683685303,0.0,4.816704815700203,268,480
23,4,0.03955795615911484,1.2650785446166992,0.01998002640902996,0.11654144525527954,1.791007901965325,0.904384094907778,245,483
23,5,0.09889489412307739,1.0333302021026611,-0.1876644343137741,0.15538859367370605,5.466843565642079,-10.247546384539811,178,464
23,6,0.0,1.2319847345352173,0.29086369276046753,0.19423574209213257,0.0,13.283915354376566,264,435
23,7,0.0,1.2433608770370483,0.237574502825737,0.23308289051055908,0.0,10.81737220431947,227,431
23,8,0.0,1.242374062538147,0.2426820695400238,0.2719300389289856,0.0,11.052829068400612,154,432
23,9,0.0,1.2484514713287354,0.20918165147304535,0.3107771873474121,0.0,9.51171959131598,115,430
23,10,-0.03955795615911484,1.2427747249603271,0.23734773695468903,0.3496243357658386,-1.8231292477441545,10.806923105092414,136,416
23,11,-0.07911591231822968,1.254334807395935,0.15090656280517578,0.38847148418426514,-3.6090929541295593,6.846695510392944,133,411
23,12,0.0,1.2503275871276855,0.19765806198120117,0.5438600778579712,0.0,8.983263557298427,157,425
23,13,-0.026371970772743225,0.7904278039932251,0.29444998502731323,0.5827072262763977,-1.9109175111827807,20.420933167544412,138,434
23,14,-0.026371970772743225,0.7800662517547607,0.32089483737945557,0.6215543746948242,-1.9362808676264014,22.34922107628916,185,413
23,15,-0.03296496346592903,0.9748093485832214,0.4017828106880188,0.6604015231132507,-1.9368236444940587,22.388235189568427,194,405
23,16,-0.06592992693185806,0.9756738543510437,0.39557957649230957,0.6992486715316772,-3.865812962440674,22.02431291499231,142,423
23,17,0.15823182463645935,1.1637169122695923,0.47234901785850525,-0.42731863260269165,7.743082643680788,21.909791305133908,131,408
23,18,0.07911591231822968,1.1961766481399536,0.4065588116645813,-0.38847148418426514,3.7840691538421156,18.733900727626157,157,418
23,19,0.07911591231822968,1.2036018371582031,0.3840198814868927,-0.3496243357658386,3.7607918993103335,17.660010080012547,144,416
23,20,0.03296496346592903,1.0539989471435547,0.027727287262678146,-0.07769429683685303,1.7914038637180245,1.5061820707807647,129,584
23,21,0.03296496346592903,1.0543169975280762,0.009911565110087395,-0.038847148418426514,1.7908638120858775,0.5383549390156747,182,590
24,0,0.11867386847734451,1.1997601985931396,0.3858496844768524,0.0,5.64901667388546,17.746948628460967,257,487
24,1,0.11867386847734451,1.1895968914031982,0.4161294996738434,0.038847148418426514,5.696962844987061,19.191954152999426,240,546
24,2,0.16482481360435486,0.874143123626709,0.566988468170166,0.07769429683685303,10.678086149917592,32.51304128068237,220,515
24,3,-0.19778978824615479,0.899403989315033,-0.5145105123519897,0.07769429683685303,-12.402612725764197,-29.19238884863144,220,515
24,4,0.03955795615911484,1.2622859477996826,0.08635523915290833,0.11654144525527954,1.7949676186235834,3.9116945097420976,272,492
24,5,0.03955795615911484,1.2649527788162231,0.026786476373672485,0.15538859367370605,1.7911858539198617,1.2125141400952517,307,462
24,6,0.07911591231822968,1.248963713645935,-0.19031092524528503,0.19423574209213257,3.624572355500445,-8.646737741533702,255,458
24,7,0.03955795615911484,1.2310336828231812,0.29219678044319153,0.23308289051055908,1.8405055266410397,13.345922557858037,208,451
24,8,-0.39557957649230957,0.989048421382904,-0.6838771104812622,0.23308289051055908,-21.799422274803494,-32.70061388518424,208,451
24,9,0.0,1.2354607582092285,0.27572566270828247,0.2719300389289856,0.0,12.580893864753099,221,417
24,10,0.03955795615911484,1.242613434791565,0.238190695643425,0.3107771873474121,1.8233657286433629,10.845768998489213,176,410
24,11,-0.03955795615911484,1.2525880336761475,0.17845554649829865,0.3107771873474121,-1.808855602079069,8.10434635646505,176,410
24,12,-0.046150948852300644,1.468288779258728,0.1517433524131775,0.38847148418426514,-1.8003163561128448,5.897512160254626,130,417
24,13,0.0,0.9535952210426331,0.45102718472480774,0.5438600778579712,0.0,25.313002555485816,174,410
24,14,0.0,0.9540095329284668,0.4501502215862274,0.5827072262763977,0.0,25.260322048218402,210,415
24,15,0.0,0.9603959321975708,0.43635886907577515,0.6215543746948242,0.0,24.434820220845626,228,422
24,16,0.0,0.9439336657524109,0.47091251611709595,0.6604015231132507,0.0,26.513831603699984,222,419
24,17,0.0,0.9400351047515869,0.4786474406719208,0.6992486715316772,0.0,26.98430219547784,201,406
24,18,0.0,0.9135518670082092,0.5274394154548645,0.7380958199501038,0.0,29.999999992838863,176,394
24,19,0.03296496346592903,0.9261205196380615,0.5039677023887634,0.7769429683685303,2.0385642847784866,28.53851303727537,135,409
24,20,-0.06592992693185806,0.9245501756668091,0.503616452217102,0.7769429683685303,-4.078873226050925,28.516798950629237,135,409
24,21,0.0,1.25199294090271,0.1868194043636322,-0.15538859367370605,0.0,8.486919825176399,131,383
24,22,0.03955795615911484,1.2515166997909546,0.1858198344707489,-0.11654144525527954,1.810403003922137,8.441178358978663,160,399
24,23,0.0,0.8432881832122803,0.03220893070101738,-0.07769429683685303,0.0,2.1873177300331452,119,460
24,24,-0.03955795615911484,1.2377065420150757,0.2624984085559845,-0.07769429683685303,-1.8305895610716205,11.968186376006125,130,450
24,25,0.0,0.8437683582305908,-0.01507915835827589,-0.038847148418426514,0.0,-1.0238357059063377,124,523
24,26,0.18460379540920258,1.465089201927185,0.02151578851044178,-0.038847148418426514,7.181522097393546,0.8347658186363475,116,506
24,27,-0.046150948852300644,1.4246844053268433,0.3862283229827881,-0.038847148418426514,-1.8553795079383968,15.16058020285085,116,506
25,0,0.07911591231822968,1.242443561553955,0.22904697060585022,0.0,3.6435424464384583,10.424666089874119,233,525
25,1,0.07911591231822968,1.239621877670288,0.24385689198970795,0.038847148418426514,3.6518136269123,11.10701447224275,256,571
25,2,0.03955795615911484,1.2382957935333252,0.2597046196460724,0.07769429683685303,1.829719054777753,11.83895314911471,285,547
25,3,0.03296496346592903,1.036170482635498,0.19502173364162445,0.11654144525527954,1.8222063532288,10.65390011570418,272,494
25,4,0.11867386847734451,1.244066596031189,-0.20150086283683777,0.15538859367370605,5.449064703833039,-9.15940151506007,195,442
25,5,0.07911591231822968,1.2610270977020264,-0.07706625014543533,0.19423574209213257,3.589989665801349,-3.490371745437362,270,416
25,6,0.03955795615911484,1.2651900053024292,0.010826988145709038,0.23308289051055908,1.7908502205337424,0.49006284162334895,260,423
25,7,0.0,1.265633225440979,-0.023674720898270607,0.2719300389289856,0.0,-1.0716401749053983,153,417
25,8,0.0,1.4398471117019653,0.32843276858329773,0.3496243357658386,0.0,12.849466966871107,151,410
25,9,0.046150948852300644,1.433616042137146,0.35162922739982605,0.38847148418426514,1.8438282272148858,13.774264682471419,174,410
25,10,0.0,1.2172521352767944,0.34739765524864197,0.42731863260269165,0.0,15.928480648538349,192,399
25,11,0.0,1.2004871368408203,0.40152034163475037,0.46616578102111816,0.0,18.493259504983143,163,416
25,12,0.07911591231822968,1.1886063814163208,0.4281861484050751,0.46616578102111816,3.808099304241703,19.770811561163192,163,416
25,13,0.046150948852300644,1.4200167655944824,0.403051495552063,0.5050129294395447,1.861473915064471,15.83789408048086,158,405
25,14,0.046150948852300644,1.4173858165740967,0.4122079014778137,0.5438600778579712,1.8649267419535365,16.20748941994521,138,404
25,15,-0.1054878830909729,1.6614444255828857,-0.27778491377830505,-0.11654144525527954,-3.632928353934306,-9.473035325291399,114,420
25,16,0.0,1.0334640741348267,0.21147432923316956,-0.07769429683685303,0.0,11.564598082718842,127,460
25,17,0.06592992693185806,1.0451942682266235,0.1264583021402359,-0.038847148418426514,3.6093847837609303,6.885145277826894,172,483
26,0,0.03955795615911484,1.2649692296981812,0.02599933184683323,0.0,1.7911625747825837,1.176878216180455,214,529
26,1,0.03955795615911484,1.2642828226089478,0.049109943211078644,0.038847148418426514,1.7921344025566688,2.223398311308501,218,578
26,2,0.03955795615911484,1.2640222311019897,0.05541636422276497,0.07769429683685303,1.792503628947418,2.509086521584897,241,530
26,3,0.06592992693185806,1.0493403673171997,0.0854833722114563,0.11654144525527954,3.5951610478850444,4.648128996343998,247,470
26,4,0.0,1.2649669647216797,-0.047397904098033905,0.15538859367370605,0.0,-2.1458505118779776,250,425
26,5,0.0,1.2657865285873413,0.013126995414495468,0.19423574209213257,0.0,0.5941716529926349,240,419
26,6,0.03955795615911484,1.2514307498931885,0.18639791011810303,0.23308289051055908,1.8105272620107131,8.46763086870779,156,407
26,7,-0.09889489412307739,0.9484597444534302,0.4510136544704437,-0.5827072262763977,-5.95266004501554,25.31218916254872,154,420
26,8,-0.06592992693185806,0.9573266506195068,0.4381190240383148,-0.5438600778579712,-3.93967030148223,24.53987292993195,217,425
26,9,-0.03296496346592903,0.9501662850379944,0.4570194184780121,-0.5050129294395447,-1.987016428374966,25.67357822432779,259,416
26,10,-0.06592992693185806,0.9509241580963135,0.4518471658229828,-0.46616578102111816,-3.96611139993925,25.362280248857108,252,418
26,11,-0.06592992693185806,0.9572588801383972,0.4382671117782593,-0.42731863260269165,-3.939948337556331,24.548714966081405,195,428
26,12,0.0,1.2172521352767944,0.34739765524864197,-0.2719300389289856,0.0,15.928480648538349,114,421
26,13,-0.47469547390937805,0.8621609807014465,-0.7960719466209412,-0.2719300389289856,-28.836652111130995,-38.96761491381295,114,421
26,14,-0.07911591231822968,1.2495293617248535,-0.1865607053041458,-0.11654144525527954,-3.6229359229215103,-8.475080895191951,152,458
26,15,0.03955795615911484,1.2524957656860352,0.1791016161441803,-0.07769429683685303,1.808988767065806,8.133885518712,196,472
26,16,0.07911591231822968,1.225986361503601,0.3051002025604248,-0.038847148418426514,3.6923176430498708,13.94693187967544,157,512
27,0,0.03955795615911484,1.2335543632507324,0.2813655734062195,0.0,1.8367471635430248,12.842585458187028,259,491
27,1,0.03955795615911484,1.2294042110443115,0.29897889494895935,0.038847148418426514,1.8429432806419705,13.66162548798364,265,528
27,2,0.11867386847734451,1.0817925930023193,0.6465517282485962,0.07769429683685303,6.26037860784284,30.714668365887945,182,488
27,3,-0.23734773695468903,1.093783974647522,-0.5913463830947876,0.07769429683685303,-12.243194283076326,-27.84957849354324,182,488
27,4,0.03955795615911484,1.231716513633728,0.2893052399158478,0.11654144525527954,1.8394859006009492,13.211447989024572,231,441
27,5,-0.03955795615911484,1.2600398063659668,0.11455469578504562,0.15538859367370605,-1.7981652212813393,5.1921384250558935,274,425
27,6,-0.03955795615911484,1.265066385269165,-0.020736776292324066,0.23308289051055908,-1.7910251052553117,-0.938640926272705,215,419
27,7,0.0,1.2594010829925537,0.1276593655347824,0.2719300389289856,0.0,5.788024897970728,165,424
27,8,-0.03955795615911484,1.2648566961288452,0.03099507838487625,0.3107771873474121,-1.7913218296615068,1.403055779760169,206,418
27,9,-0.07911591231822968,1.2628159523010254,-0.037743594497442245,0.3496243357658386,-3.5849175013401835,-1.7086236572707196,205,401
27,10,0.0,1.2657920122146606,0.012587592005729675,0.38847148418426514,0.0,0.5697556291280502,143,396
27,11,0.03955795615911484,1.2349213361740112,0.2753041684627533,0.42731863260269165,1.8347154011942202,12.561347383928293,135,388
27,12,-0.26371970772743225,1.4142810106277466,-0.8825817704200745,-0.8546372652053833,-10.562584474442678,-31.528093090231334,120,406
27,13,-0.2109757661819458,1.4696663618087769,-0.8026577234268188,-0.8157901167869568,-8.16919952016694,-28.395997599633134,138,399
27,14,-0.05274394154548645,0.7568808794021606,0.36948856711387634,-0.6215543746948242,-3.986264928823769,25.965696151898754,119,415
27,15,-0.09889489412307739,0.9669944047927856,0.4097694754600525,-0.5827072262763977,-5.839359742609719,22.85819336188479,178,417
27,16,-0.07911591231822968,0.765946626663208,0.34530967473983765,-0.5438600778579712,-5.897263582946727,24.153440557292818,172,419
27,17,-0.07911591231822968,0.7846633791923523,0.3003605306148529,-0.5050129294395447,-5.757551305259368,20.849734216374422,148,409
27,18,0.0,1.2658545970916748,0.0,-0.2719300389289856,0.0,0.0,123,406
27,19,0.0,1.2609093189239502,0.11178387701511383,-0.23308289051055908,0.0,5.066219884619765,189,425
27,20,0.0,1.252469778060913,0.18359598517417908,-0.19423574209213257,0.0,8.339431958904402,193,442
27,21,0.0,1.25272798538208,0.1818256974220276,-0.15538859367370605,0.0,8.258456423083414,210,450
27,22,0.0,1.2460085153579712,0.22327271103858948,-0.11654144525527954,0.0,10.159034125951052,200,495
27,23,0.03296496346592903,1.0376267433166504,0.1871183067560196,-0.07769429683685303,1.8196506921920805,10.21740514404949,114,534
27,24,-0.25712668895721436,2.3330202102661133,1.418880820274353,-0.07769429683685303,-6.2892964449043545,31.153510101506516,113,457
27,25,0.11867386847734451,1.252083659172058,0.14349524676799774,-0.038847148418426514,5.414382471486138,6.508948898560173,148,543
28,0,-0.16482481360435486,1.0166715383529663,0.2279939353466034,0.0,-9.208783852189368,12.481995095356604,146,509
28,1,0.13185985386371613,1.0358918905258179,-0.14936646819114685,0.0,7.2542324582034166,-8.140201852729355,146,509
28,2,0.0,1.2537466287612915,0.1746632158756256,0.038847148418426514,0.0,7.93100176331235,215,529
28,3,0.0,1.2547483444213867,0.16731563210487366,0.07769429683685303,0.0,7.595354622935434,258,467
28,4,0.0,1.259433388710022,0.12733972072601318,0.11654144525527954,0.0,5.773483261557842,255,446
28,5,-0.06592992693185806,1.0515443086624146,0.05174000561237335,0.15538859367370605,-3.5876456178547387,2.81138834247007,222,442
28,6,-0.03955795615911484,1.2633484601974487,0.06909308582544327,0.19423574209213257,-1.7934589855256196,3.1288825163856666,259,433
28,7,0.0,1.2601873874664307,-0.11964793503284454,0.23308289051055908,0.0,-5.4236643320615165,230,432
28,8,-0.03955795615911484,1.2614818811416626,0.09739909321069717,0.2719300389289856,-1.7961109791312657,4.412890675548921,250,430
28,9,-0.03955795615911484,1.2565926313400269,0.1476418375968933,0.3107771873474121,-1.803094825311146,6.697887347668033,233,439
28,10,-0.07911591231822968,1.2589936256408691,0.10518389195203781,0.3496243357658386,-3.5957728611204103,4.76638445802841,229,416
28,11,0.0,1.239014744758606,0.259288489818573,0.46616578102111816,0.0,11.819708380612495,116,407
28,12,0.0,1.2591983079910278,0.1296442449092865,-0.5438600778579712,0.0,5.878333162505145,126,398
28,13,-0.39557957649230957,0.9055230021476746,-0.7911591529846191,-0.5438600778579712,-23.59820968028684,-38.68218846520184,126,398
28,14,0.0,1.244523525238037,0.23140697181224823,-0.5050129294395447,0.0,10.533297032551364,144,404
28,15,-0.03955795615911484,1.2553560733795166,0.15781034529209137,-0.46616578102111816,-1.8048697458594845,7.16152828371145,135,408
28,16,-0.09889489412307739,1.0130269527435303,0.27706611156463623,-0.42731863260269165,-5.575727202333504,15.227484533023535,117,408
28,17,0.07911591231822968,1.2561938762664795,-0.1345570981502533,-0.3496243357658386,3.60376586438787,-6.1019223001372564,116,407
28,18,0.03955795615911484,1.2586201429367065,0.12922276556491852,-0.3107771873474121,1.8001921319969774,5.859155408473377,128,419
28,19,0.0,1.252373218536377,0.18425297737121582,-0.2719300389289856,0.0,8.369488543248067,140,429
28,20,0.0,1.2508882284164429,0.1940786987543106,-0.23308289051055908,0.0,8.819277168059159,124,430
28,21,0.07911591231822968,1.2427070140838623,0.22761335968971252,-0.19423574209213257,3.6427720994969275,10.358695004102099,151,456
28,22,0.0,1.2523566484451294,0.18436625599861145,-0.15538859367370605,0.0,8.374670382152559,204,483
28,23,0.0,1.2519627809524536,0.18702168762683868,-0.11654144525527954,0.0,8.496176885284425,221,500
28,24,0.0,1.2558623552322388,0.15873762965202332,-0.07769429683685303,0.0,7.203831306353965,219,530
28,25,0.0,1.260705828666687,0.11405529826879501,-0.038847148418426514,0.0,5.169441913261019,165,535
29,0,0.0,1.2579278945922852,0.14144088327884674,0.0,0.0,6.41536813093471,216,515
29,1,0.03955795615911484,1.2602959871292114,0.11170116811990738,0.038847148418426514,1.7977999475569337,5.06246157989172,222,483
29,2,0.03955795615911484,1.2096863985061646,0.37078559398651123,0.07769429683685303,1.8729619163880733,17.03244869026732,139,484
29,3,0.03955795615911484,1.2319962978363037,0.28811126947402954,0.15538859367370605,1.8390684434721913,13.155943429064898,159,474
29,4,-0.07911591231822968,1.2264732122421265,0.30313706398010254,0.19423574209213257,-3.6908560230452734,13.855394588070856,149,467
29,5,-0.07911591231822968,1.2631970643997192,0.02148815058171749,0.23308289051055908,-3.583838735329767,0.9726547322380951,202,431
29,6,-0.07911591231822968,1.2625386714935303,-0.04609541967511177,0.2719300389289856,-3.5857027728867745,-2.0868565142745377,153,425
29,7,-0.11867386847734451,1.2554653882980347,0.11004991829395294,0.3107771873474121,-5.3998845808609675,4.98743370245021,128,422
29,8,-0.11867386847734451,1.2590008974075317,0.056753676384687424,0.42731863260269165,-5.3848099579435456,2.5696763743194055,112,426
29,9,-0.18460379540920258,0.6991826295852661,-0.43501442670822144,1.5538859367370605,-14.790177688552008,-31.029484911043657,140,407
29,10,-0.23734773695468903,0.7059458494186401,-0.39683613181114197,1.5927331447601318,-18.583282097883174,-28.04981107818604,177,391
29,11,-0.18460379540920258,0.7539713382720947,-0.3310908079147339,1.6315802335739136,-13.757756333594136,-23.099726484174106,134,396
29,12,-0.26371970772743225,0.6865503787994385,-0.413851261138916,1.6704273223876953,-21.012924878615582,-29.36696939613665,131,403
29,13,-0.26371970772743225,0.6553775072097778,-0.4616325795650482,1.7092745304107666,-21.91953821146625,-33.16287013972298,132,408
29,14,-0.15823182463645935,0.7006139159202576,-0.44302961230278015,1.748121738433838,-12.726587506390366,-31.6666874201365,164,402
29,15,-0.18460379540920258,0.7109026312828064,-0.4155854880809784,1.7869688272476196,-14.556784463861504,-29.50216307141064,211,410
29,16,-0.18460379540920258,0.7129954099655151,-0.41198471188545227,1.8258159160614014,-14.515864968764513,-29.22165871506145,208,409
29,17,-0.2109757661819458,0.6836981773376465,-0.4474577307701111,1.8646631240844727,-17.14919359339858,-32.0205964241363,205,402
29,18,-0.2109757661819458,0.6926223039627075,-0.4335158169269562,1.903510332107544,-16.940963818969063,-30.910823047343452,247,392
29,19,-0.18460379540920258,0.7005937695503235,-0.4327380359172821,1.9423574209213257,-14.761689354845567,-30.849294339252257,251,401
29,20,-0.2109757661819458,0.6867352724075317,-0.4427824020385742,1.9812045097351074,-17.077772821480465,-31.646970550305177,238,399
29,21,-0.26371970772743225,0.6868704557418823,-0.413319855928421,2.0200517177581787,-21.003987161265226,-29.32557793400602,150,411
29,22,-0.2109757661819458,0.6659486293792725,-0.47347021102905273,2.05889892578125,-17.578455084774312,-34.128311664080364,193,410
29,23,-0.2109757661819458,0.682307779788971,-0.4495749771595001,2.097745895385742,-17.182084087379096,-32.19029764975555,229,410
29,24,-0.18460379540920258,0.6884801983833313,-0.45176199078559875,2.1365931034088135,-15.009789343113859,-32.36591979515907,210,414
29,25,-0.18460379540920258,0.6598540544509888,-0.4926322400569916,2.1754403114318848,-15.62973800341214,-35.71505002748134,183,420
29,26,-0.18460379540920258,0.6751716732978821,-0.4714202582836151,2.214287519454956,-15.291925007755632,-33.960343126319955,210,419
29,27,-0.18460379540920258,0.6916893124580383,-0.44683295488357544,2.2531347274780273,-14.943272957079966,-31.97058088233299,220,402
29,28,-0.18460379540920258,0.6928004622459412,-0.44510823488235474,2.2919816970825195,-14.920375858463869,-31.832648799197848,213,398
29,29,-0.15823182463645935,0.6978086829185486,-0.44743508100509644,2.330828905105591,-12.776073218352861,-32.018782026150475,249,400
29,30,-0.18460379540920258,0.703530490398407,-0.4279470443725586,2.369676113128662,-14.70274505338941,-30.471153869352676,207,410
29,31,-0.13185985386371613,0.6990016102790833,-0.4540728032588959,2.4085230827331543,-10.682756152004048,-32.55185896240902,145,413
29,32,-0.15823182463645935,0.704217255115509,-0.43727925419807434,2.4473702907562256,-12.663573331809566,-31.209102177452497,202,422
29,33,-0.07911591231822968,0.7511560916900635,0.3764008581638336,-2.486217498779297,-6.012540349532177,26.488859829921477,165,426
29,34,-0.16482481360435486,0.878373920917511,0.560411810874939,-2.4473702907562256,-10.627828206288056,32.09042753149613,161,407
29,35,-0.05274394154548645,0.7505063414573669,0.3822704553604126,-2.369676113128662,-4.020012324476778,26.934981342417654,163,430
29,36,0.0,0.7547178268432617,0.37758883833885193,-2.330828905105591,0.0,26.579013641064996,113,411
29,37,-0.05274394154548645,0.7532106637954712,0.37691402435302734,-2.2919816970825195,-4.005625968247332,26.527793743586123,200,409
29,38,-0.05274394154548645,0.7583386898040771,0.3664873242378235,-2.2531347274780273,-3.978626471474521,25.739268235837695,186,425
29,39,-0.05274394154548645,0.7626851201057434,0.3573540151119232,-2.214287519454956,-3.956025062399803,25.052836888963615,167,432
29,40,-0.07911591231822968,0.7611562609672546,0.35574468970298767,-2.1754403114318848,-5.93411420975233,24.932284482273563,197,429
29,41,-0.07911591231822968,0.7633848190307617,0.3509369492530823,-2.1365931034088135,-5.916913763319888,24.57284472978912,214,418
29,42,-0.07911591231822968,0.770907998085022,0.33408674597740173,-2.097745895385742,-5.859575193359238,23.32104553699961,202,410
29,43,-0.07911591231822968,0.7800953984260559,0.31203246116638184,-2.05889892578125,-5.791037140936443,21.70014853934164,146,417
29,44,0.0,0.8063035011291504,0.24909253418445587,-1.903510332107544,0.0,17.167565253892008,125,403
29,45,-0.05274394154548645,0.7839953899383545,0.30780139565467834,-1.4373445510864258,-3.848821552484491,21.39130490441054,123,441
29,46,-0.07911591231822968,0.792979896068573,0.27766162157058716,-1.3984973430633545,-5.697567334435056,19.209349460027966,147,428
29,47,-0.1054878830909729,0.7926527857780457,0.26971521973609924,-1.3596501350402832,-7.580498727231748,18.6390079576906,166,424
29,48,-0.1054878830909729,0.7998536229133606,0.2475457638502121,-1.3208030462265015,-7.513036894264286,17.05768463947752,173,420
29,49,-0.1054878830909729,0.7920060157775879,0.2716083526611328,-1.2819559574127197,-7.586617059137229,18.774710310073164,173,420
29,50,-0.1054878830909729,0.8057157397270203,0.22774288058280945,-1.2431087493896484,-7.45899229526225,15.656444047695516,164,420
29,51,-0.1054878830909729,0.8086157441139221,0.2172216922044754,-1.2042615413665771,-7.4325411310098,14.915916461258554,161,414
29,52,-0.07911591231822968,0.8179076313972473,0.19219836592674255,-1.1654144525527954,-5.525011211659451,13.164601642662895,132,428
29,53,-0.18460379540920258,1.2370541095733643,-0.7852684259414673,-0.7769429683685303,-8.487532738202534,-32.12211703112016,118,413
29,54,-0.13845284283161163,1.3000167608261108,-0.6868880987167358,-0.6215543746948242,-6.0791322239967345,-27.717319923628537,157,426
29,55,-0.13845284283161163,1.2770098447799683,-0.7287693023681641,-0.5827072262763977,-6.18781312547736,-29.56881304406992,170,423
29,56,-0.39557957649230957,1.0087637901306152,-0.654446542263031,-0.5050129294395447,-21.412277028212028,-31.13121669025079,134,426
29,57,0.11867386847734451,0.9813451766967773,0.7907376289367676,-0.5050129294395447,6.8952845657320365,38.65775269349146,134,426
29,58,-0.23734773695468903,1.201154112815857,-0.3213765025138855,-0.46616578102111816,-11.177636143997715,-14.707291945924812,142,440
29,59,-0.11867386847734451,1.2600239515304565,-0.025377674028277397,-0.3496243357658386,-5.380463525481957,-1.1487346441113144,117,460
29,60,0.0,1.2639228105545044,0.06990733742713928,-0.23308289051055908,0.0,3.1657933859545015,147,475
29,61,0.0,1.264256238937378,0.0635916069149971,-0.19423574209213257,0.0,2.879529056895478,188,488
29,62,0.0,1.265561580657959,-0.02723746746778488,-0.15538859367370605,0.0,-1.2329317424243262,169,495
29,63,0.0,1.255353331565857,0.1627139449119568,-0.11654144525527954,0.0,7.3852781730376496,306,505
29,64,0.03955795615911484,1.2579431533813477,0.13565446436405182,-0.07769429683685303,1.8011603066939492,6.151877314957749,337,526
29,65,0.0,1.2633239030838013,0.080004021525383,-0.038847148418426514,0.0,3.623599327831978,277,557
30,0,0.03955795615911484,1.2463566064834595,0.21775738894939423,0.0,1.8178933105037094,9.905520285223885,237,508
30,1,0.0,1.2649612426757812,-0.04754858464002609,0.038847148418426514,0.0,-2.152675609271279,160,495
30,2,0.0,1.253806710243225,0.17423181235790253,0.07769429683685303,0.0,7.911286891325352,183,447
30,3,0.0,1.264466643333435,0.059262875467538834,0.11654144525527954,0.0,2.6833683171917966,158,451
30,4,0.0,1.2492550611495972,0.20432725548744202,-0.5438600778579712,0.0,9.289007040511256,121,413
30,5,-0.17801080644130707,0.6072998642921448,0.009797164238989353,-0.46616578102111816,-16.336835442327047,0.8869242781936091,113,436
30,6,-0.13845284283161163,0.6124827265739441,0.07932664453983307,-0.42731863260269165,-12.737732209628042,7.19998326485857,133,434
30,7,-0.15823182463645935,0.607474684715271,0.08083437383174896,-0.38847148418426514,-14.599692778656953,7.337576312862184,115,469
30,8,-0.13845284283161163,0.6142094135284424,0.06461138278245926,-0.3496243357658386,-12.70308699074628,5.859155266619658,128,466
30,9,0.0,1.4768269062042236,-0.003176233498379588,-0.3496243357658386,0.0,-0.12322669166896388,177,417
30,10,-0.13845284283161163,0.6162619590759277,0.040607254952192307,-0.3107771873474121,-12.662143947579754,3.678500709333444,157,439
30,11,-0.11867386847734451,0.6160428524017334,0.08369392156600952,-0.2719300389289856,-10.903830546289822,7.598652273169532,144,452
30,12,-0.07911591231822968,0.8271260857582092,0.14756517112255096,-0.23308289051055908,-5.463808780523744,10.070530579419666,143,452
30,13,-0.13185985386371613,0.922368049621582,0.49459022283554077,-0.19423574209213257,-8.135763098857453,27.960306035213282,124,479
30,14,0.26371970772743225,0.8387236595153809,-0.5828927159309387,-0.19423574209213257,17.454701202502317,-33.543395022693,124,479
30,15,0.0,1.2539438009262085,0.1732424944639206,-0.15538859367370605,0.0,7.866079986039084,223,486
30,16,0.03955795615911484,1.2357912063598633,0.27137282490730286,-0.11654144525527954,1.83342483156175,12.379105278558049,289,494
30,17,0.11867386847734451,1.1764167547225952,0.4520486891269684,-0.07769429683685303,5.7603626275671465,20.92278549577309,218,522
30,18,0.0,2.3158204555511475,-0.15093067288398743,-0.07769429683685303,0.0,-3.7289063718359348,117,468
30,19,0.0,1.2538779973983765,0.1737181544303894,-0.038847148418426514,0.0,7.8878146019375,205,563
31,0,-0.03955795615911484,1.2507834434509277,0.19069287180900574,0.0,-1.8114636234156583,8.664225060775951,204,514
31,1,-0.06592992693185806,1.0526223182678223,-0.02022227831184864,0.038847148418426514,-3.5839810264758842,-1.098440974632262,172,509
31,2,0.0,1.0546705722808838,0.020958885550498962,0.07769429683685303,0.0,1.1384575216261834,128,500
31,3,-0.11867386847734451,0.6212747693061829,-0.023047709837555885,0.11654144525527954,-10.814180662208036,-2.086856462454424,116,493
31,4,-0.09889489412307739,0.6245385408401489,-0.02772059664130211,0.15538859367370605,-8.998004855164966,-2.510211366784989,125,465
31,5,0.0,1.264575481414795,0.05689377710223198,-0.19423574209213257,0.0,2.5760238258293167,147,474
31,6,0.07911591231822968,1.2373156547546387,0.255300909280777,-0.15538859367370605,3.658601743619847,11.635372906023985,235,452
31,7,0.07911591231822968,1.2436132431030273,0.22260911762714386,-0.11654144525527954,3.640124727718074,10.128520873208698,252,484
31,8,0.0,1.2590097188949585,0.1314629167318344,-0.07769429683685303,0.0,5.961092243664906,238,532
31,9,-0.03955795615911484,1.2598432302474976,0.11669591814279556,-0.038847148418426514,-1.7984456087282237,5.289462739303301,240,544
32,0,-0.03955795615911484,1.252100944519043,0.1818411648273468,0.0,-1.8095588107844742,8.259164302987026,188,511
32,1,0.39557957649230957,1.1652687788009644,-0.29673781991004944,0.0,18.751063746802014,-13.55725863270888,188,511
32,2,-0.03955795615911484,1.2651588916778564,0.013998382724821568,0.038847148418426514,-1.7908942336273836,0.6336151198410133,142,519
32,3,0.16482481360435486,0.9715562462806702,0.37640494108200073,-0.15538859367370605,9.628570938169414,20.905207291117794,179,454
32,4,0.16482481360435486,0.9112897515296936,0.5051268339157104,-0.11654144525527954,10.252239389920577,28.610203430752513,211,473
32,5,-0.23075474798679352,0.9003573060035706,-0.49887698888778687,-0.11654144525527954,-14.375059114270545,-28.224236153845307,211,473
32,6,-0.03296496346592903,1.0290220975875854,0.22977420687675476,-0.07769429683685303,-1.834856187848463,12.58105110777478,203,511
32,7,-0.03955795615911484,1.257485270500183,0.1398347020149231,-0.038847148418426514,-1.8018157234664036,6.342216082514932,198,556
33,0,0.11867386847734451,1.2443954944610596,0.19946002960205078,0.0,5.447633160598964,9.065847030949833,262,486
33,1,-0.07911591231822968,1.210281252861023,-0.3624194264411926,0.038847148418426514,-3.7400955548771497,-16.636819691005858,147,473
33,2,0.3164636492729187,1.1580716371536255,0.4013834297657013,0.038847148418426514,15.283938815508524,18.486726027055816,147,473
33,3,0.0,1.2650691270828247,-0.04458755999803543,0.07769429683685303,0.0,-2.0185631893740394,123,424
33,4,0.19778978824615479,1.193648338317871,0.37211668491363525,-0.15538859367370605,9.40853029872868,17.095471577560712,167,437
33,5,0.16482481360435486,1.0071721076965332,0.26684558391571045,-0.11654144525527954,9.294130382636661,14.652931366286662,253,460
33,6,0.15823182463645935,1.2300349473953247,0.2537018656730652,-0.07769429683685303,7.330277509505208,11.561487433625993,306,498
33,7,0.11867386847734451,1.2409694194793701,0.219771146774292,-0.038847148418426514,5.462582166054987,9.998060339101212,279,534
34,0,0.13185985386371613,0.9950520992279053,0.3244282901287079,0.0,7.548600093822548,17.911660878568004,234,475
34,1,0.07911591231822968,1.2598265409469604,0.09468702971935272,0.038847148418426514,3.593401801169806,4.2897810512096095,187,473
34,2,-0.18460379540920258,0.8176948428153992,-0.09730850905179977,0.07769429683685303,-12.721890499505312,-6.621372278960835,126,436
34,3,0.07911591231822968,0.705909252166748,0.4556370973587036,0.07769429683685303,6.394830044844205,32.67794793446576,126,436
34,4,0.03955795615911484,1.2550832033157349,0.15996578335762024,0.07769429683685303,1.805261886456584,7.259866778996487,148,417
34,5,0.13185985386371613,0.956228494644165,0.42545196413993835,-0.11654144525527954,7.851329888623145,23.78578788371114,203,401
34,6,0.13185985386371613,0.9825131893157959,0.360624760389328,-0.07769429683685303,7.643803957868705,19.990459820536447,275,468
34,7,0.13185985386371613,1.0052955150604248,0.2911413013935089,-0.038847148418426514,7.472557591832402,16.021319474067376,237,532
35,0,0.16482481360435486,0.984919011592865,0.3399069011211395,0.0,9.50033368242637,18.79745463024601,295,428
35,1,-0.11867386847734451,0.6117435693740845,-0.11083021759986877,0.038847148418426514,-10.978606034672646,-10.084904198678338,119,530
35,2,0.19778978824615479,1.2366877794265747,0.1840394288301468,0.038847148418426514,9.086651422448965,8.359718509596345,201,495
35,3,-0.09889489412307739,0.6181672215461731,-0.09319895505905151,0.07769429683685303,-9.08920498466553,-8.467631129977613,152,457
35,4,0.15823182463645935,1.247578740119934,0.14456090331077576,0.07769429683685303,7.2282950450090855,6.557498456541937,159,434
35,5,0.19778978824615479,1.2278625965118408,0.2358398735523224,-0.11654144525527954,9.150860011495668,10.737449108729352,177,404
35,6,0.13185985386371613,1.004448413848877,0.2940506637096405,-0.07769429683685303,7.478788261807247,16.185794766901438,256,455
35,7,0.19778978824615479,1.2152100801467896,0.2941623628139496,-0.038847148418426514,9.244500156674691,13.437375966605098,274,506
36,0,0.07911591231822968,1.2181271314620972,0.3351042568683624,0.0,3.716073556633307,15.350654909564586,191,432
36,1,0.19778978824615479,1.2386177778244019,0.1705668568611145,0.038847148418426514,9.072728393751703,7.743841840535051,243,442
36,2,0.19778978824615479,1.2344764471054077,0.19833053648471832,0.07769429683685303,9.1026561763428,9.01408042507759,172,412
36,3,0.11867386847734451,1.2473341226577759,0.18017257750034332,-0.11654144525527954,5.434875871856539,8.182855035207274,121,405
36,4,0.15823182463645935,1.2359068393707275,0.22334934771060944,-0.07769429683685303,7.295826903166337,10.162558058076915,211,420
36,5,0.15823182463645935,1.2380740642547607,0.21100570261478424,-0.038847148418426514,7.283192947303255,9.595441721169992,231,485
37,0,0.19778978824615479,1.2204245328903198,0.2717186510562897,0.0,9.205679270137571,12.39513164229058,176,410
37,1,0.0,1.2419424057006836,0.24488136172294617,0.038847148418426514,0.0,11.154273846218262,183,475
37,2,0.0,1.240938425064087,0.24991963803768158,0.07769429683685303,0.0,11.386802748743435,154,420
37,3,0.23734773695468903,1.2381999492645264,0.11364425718784332,-0.07769429683685303,10.851268687078571,5.1507609924174265,167,403
37,4,0.19778978824615479,1.2450928688049316,0.1140657365322113,-0.038847148418426514,9.026324556160645,5.169915905582769,190,463
38,0,0.13185985386371613,0.9588971734046936,0.419402539730072,0.0,7.829750474092442,23.427205837507696,170,395
38,1,-0.19778978824615479,0.9055489897727966,-0.503616452217102,0.0,-12.321028471323942,-28.516799081805534,170,395
38,2,0.19778978824615479,0.9523395299911499,0.4082866907119751,0.038847148418426514,11.732864631833804,22.770820208702467,190,444
38,3,-0.16482481360435486,0.8767637014389038,-0.5629277229309082,0.038847148418426514,-10.646900899096977,-32.25186546059869,190,444
38,4,0.19778978824615479,0.9365894198417664,0.44322553277015686,0.07769429683685303,11.924566012323792,24.84514608203812,133,413
38,5,-0.16482481360435486,0.892327606678009,-0.5379160046577454,0.07769429683685303,-10.465336519388867,-30.65927005967853,133,413
38,6,0.07911591231822968,1.2469935417175293,0.20281939208507538,-0.07769429683685303,3.6302836513766312,9.219857002457008,120,409
38,7,0.03955795615911484,1.2380188703536987,0.2610217332839966,-0.038847148418426514,1.8301280526499641,11.899871144583257,179,434
39,0,0.0,0.8843337893486023,0.5750853419303894,0.0,0.0,33.03608959143533,133,390
39,1,0.09889489412307739,0.8935359716415405,0.5518901348114014,0.038847148418426514,6.3156853702068885,31.545713291175346,181,442
39,2,0.09889489412307739,0.8497428297996521,0.6171923279762268,0.07769429683685303,6.638341603281318,35.808896004341804,135,402
40,0,0.03955795615911484,1.1994572877883911,0.40264788269996643,0.038847148418426514,1.8889232302416192,18.547082338088785,185,439
40,1,0.11867386847734451,1.1867547035217285,0.42416712641716003,0.07769429683685303,5.710516572211516,19.577621585730032,114,406
40,2,0.0,1.2620000839233398,0.09871024638414383,-0.07769429683685303,0.0,4.472415673034881,119,415
40,3,0.0,1.2499158382415771,0.20024557411670685,-0.038847148418426514,0.0,9.10185448028282,175,439
41,0,0.026371970772743225,0.8393665552139282,0.0833110585808754,0.0,1.7995781645255595,5.665531666755685,145,397
41,1,0.05274394154548645,0.8314582705497742,0.13441582024097443,0.038847148418426514,3.6297208650053787,9.165034388599553,188,450
41,2,0.0,1.473912239074707,0.09279362112283707,0.038847148418426514,0.0,3.6024363777391386,137,429
41,3,0.05274394154548645,0.8318037390708923,0.13226114213466644,0.07769429683685303,3.628217380444367,9.016884117530905,145,411
41,4,0.05274394154548645,0.8339901566505432,0.11768960952758789,-0.038847148418426514,3.6187308279644768,8.016523954416082,173,433
41,5,-0.13845284283161163,1.469870924949646,-0.03658139705657959,-0.038847148418426514,-5.381034774253893,-1.4193736170164255,139,418
41,6,0.4153585433959961,1.1482222080230713,0.8307170867919922,-0.038847148418426514,19.88711231703392,34.22886747637654,139,418
42,0,-0.16482481360435486,1.0044084787368774,-0.27706611156463623,0.0,-9.3192551237134,-15.22748590468874,133,398
42,1,-0.06592992693185806,0.9756738543510437,-0.39557957649230957,0.0,-3.865812962440674,-22.02431291499231,133,398
42,2,0.27690568566322327,1.2247698307037354,-0.16015678644180298,0.038847148418426514,12.739700312035657,-7.2685811879779285,173,439
42,3,0.27690568566322327,1.2314916849136353,-0.09560108184814453,-0.038847148418426514,12.672414704417404,-4.331270422934203,175,421
43,0,-0.03296496346592903,1.0505365133285522,0.08975290507078171,0.0,-1.7973042353544808,4.880833361204998,154,382
43,1,0.03955795615911484,1.2478951215744019,0.20876015722751617,0.038847148418426514,1.8156535524813437,9.492376809488906,123,414
43,2,0.0,0.8382200002670288,0.0977730080485344,-0.038847148418426514,0.0,6.653121823796818,132,426
44,0,0.05274394154548645,0.835621178150177,0.1054878830909729,0.0,3.611686260297547,7.1807558526846025,171,384
44,1,0.1054878830909729,0.8254407048225403,0.14032940566539764,0.0,7.282686725423746,9.571958595176168,171,384
44,2,0.07911591231822968,0.8176352381706238,0.1933537721633911,0.038847148418426514,5.526840461130981,13.245177410378233,205,412
44,3,0.026371970772743225,0.8144688010215759,0.21935701370239258,0.07769429683685303,1.8545521917820142,15.065999082555447,123,395
44,4,0.07911591231822968,0.8122286796569824,0.2149362862110138,0.07769429683685303,5.563399541823378,14.755400777503528,123,395
44,5,0.07911591231822968,0.8251519799232483,0.15823182463645935,-0.07769429683685303,5.476801092006547,10.806922539953156,162,404
44,6,0.07911591231822968,0.8265731930732727,0.15063132345676422,-0.038847148418426514,5.467441369481978,10.282030568440891,225,423
45,0,0.05274394154548645,0.8260870575904846,0.16422732174396515,0.0,3.6532575800377414,11.221619836866395,156,386
45,1,0.0,0.8346619606018066,0.12454626709222794,0.0,0.0,8.486919658406755,156,386
45,2,0.026371970772743225,0.842504620552063,0.04077836871147156,0.038847148418426514,1.7928796833575467,2.7696766356466487,198,434
45,3,0.026371970772743225,0.8385828733444214,0.09086070954799652,0.07769429683685303,1.8012588191222358,6.180859270238623,137,411
45,4,0.0,0.8428539633750916,-0.042066819965839386,-0.038847148418426514,0.0,-2.85725999807337,168,434
46,0,0.0,1.0302613973617554,0.22656340897083282,0.0,0.0,12.402426950731972,126,386
46,1,-0.06592992693185806,1.0515928268432617,0.05074731633067131,0.038847148418426514,-3.587480524067497,2.7574062797058736,150,435
46,2,0.2966846823692322,0.9098032116889954,-0.4438532292842865,0.038847148418426514,18.061025364626,-24.882722919877178,150,435
46,3,-0.06592992693185806,1.051563024520874,0.051359307020902634,-0.038847148418426514,-3.587581931229896,2.7906858098996334,180,408
47,0,0.0,1.0513931512832642,0.08568472415208817,0.038847148418426514,0.0,4.659101476363172,201,405
47,1,-0.03955795615911484,1.263744831085205,0.061415791511535645,-0.038847148418426514,-1.7928968381060881,2.780925861442431,202,399
48,0,0.0,1.0527944564819336,0.06628115475177765,0.0,0.0,3.602436204648174,166,385
48,1,0.03296496346592903,1.0420007705688477,0.16098737716674805,0.038847148418426514,1.8120174113671466,8.77833821552114,157,420
48,2,0.0,1.261265754699707,0.10768778622150421,-0.038847148418426514,0.0,4.88011976346632,173,403
49,0,0.26371970772743225,1.0203206539154053,0.046552225947380066,0.0,14.491938508789987,2.5293070625233463,128,439
49,1,-0.07911591231822968,1.1705107688903809,0.4754294157028198,0.038847148418426514,-3.866793700239195,22.060152130253478,157,491
49,2,0.35602161288261414,1.1933854818344116,-0.22686482965946198,0.038847148418426514,16.61137299071882,-10.324254996630136,157,491
49,3,0.0,1.2132724523544312,0.36105120182037354,-0.07769429683685303,0.0,16.572194845734902,135,405
49,4,0.3164636492729187,1.1928908824920654,-0.2815138101577759,-0.07769429683685303,14.857824468479459,-12.849466705067156,135,405
49,5,-0.06592992693185806,0.9941622018814087,0.34650275111198425,-0.038847148418426514,-3.794132742413419,19.176321978927128,200,436
49,6,0.2966846823692322,0.9772482514381409,-0.26407092809677124,-0.038847148418426514,16.887866646307828,-14.497214898040857,200,436
50,0,0.07911591231822968,1.251953125,0.16953440010547638,0.0,3.6159405979557686,7.69668273817828,271,482
50,1,0.07911591231822968,1.2499343156814575,0.1838279664516449,0.038847148418426514,3.621765288138821,8.350044867908348,270,539
50,2,0.07911591231822968,1.2402321100234985,0.24073390662670135,0.07769429683685303,3.6500216808393144,10.962997695871957,232,514
50,3,0.03955795615911484,1.2611125707626343,0.10206896811723709,0.11654144525527954,1.7966366163913987,4.624920439735639,168,475
50,4,0.07911591231822968,1.253431797027588,0.15823182463645935,0.15538859367370605,3.6116861746512954,7.180755684403435,163,433
50,5,0.0,1.2641043663024902,0.06654402613639832,0.23308289051055908,0.0,3.013339732956509,123,399
50,6,-0.13185985386371613,0.8281281590461731,-0.09481075406074524,-0.23308289051055908,-9.047053294171922,-6.450680810885604,147,412
50,7,-0.18460379540920258,0.8206461071968079,-0.06807169318199158,-0.19423574209213257,-12.677620418337915,-4.626672046305751,206,417
50,8,-0.15823182463645935,0.8271068930625916,-0.05503903701901436,-0.15538859367370605,-10.830258643352087,-3.7394630967165354,222,438
50,9,-0.1054878830909729,0.8322324752807617,-0.09183578193187714,-0.11654144525527954,-7.223883794877817,-6.2474518631113884,202,474
50,10,-0.09889489412307739,0.605826199054718,-0.15424460172653198,-0.07769429683685303,-9.27117340833651,-14.105040971894182,142,505
50,11,-0.03955795615911484,1.2638553380966187,0.059100110083818436,-0.07769429683685303,-1.7927401758903116,2.675993088308011,205,473
50,12,0.07911591231822968,1.2566877603530884,0.12986332178115845,-0.038847148418426514,3.602353297978382,5.888301775119751,241,498
51,0,0.27690568566322327,1.2223918437957764,0.17739608883857727,0.0,12.763672484141535,8.05591190323259,217,510
51,1,-0.15823182463645935,1.1268104314804077,-0.554660975933075,0.0,-7.993465177296433,-25.987252054887804,217,510
51,2,0.19778978824615479,1.2416092157363892,0.1472199410200119,0.038847148418426514,9.051231546781274,6.678660454921206,233,561
51,3,0.15823182463645935,1.2427173852920532,0.1816706359386444,0.07769429683685303,7.256270425058546,8.251364364718269,255,546
51,4,0.09889489412307739,1.0336936712265015,0.18565145134925842,0.11654144525527954,5.46493294423226,10.136459022344484,222,512
51,5,-0.03955795615911484,1.2577329874038696,0.13758863508701324,0.15538859367370605,-1.8014610805583573,6.239937576555903,153,513
51,6,0.0,1.2458603382110596,0.2240983098745346,0.19423574209213257,0.0,10.196999914814892,146,491
51,7,0.0,1.2656570672988892,0.0223622377961874,0.2719300389289856,0.0,1.0122240689483024,139,443
51,8,0.0,1.2648625373840332,0.05010686069726944,0.3496243357658386,0.0,2.2685558261062915,157,431
51,9,0.0,1.2657920122146606,-0.012587592005729675,0.38847148418426514,0.0,-0.5697556291280502,153,426
51,10,0.0,1.265434741973877,0.032599013298749924,0.42731863260269165,0.0,1.4756769407402024,153,430
51,11,0.0,1.265709400177002,-0.019172852858901024,0.46616578102111816,0.0,-0.8678449734177512,124,427
51,12,0.03955795615911484,1.2649037837982178,0.029009053483605385,0.5050129294395447,1.791255188847181,1.3131380271556767,123,422
51,13,0.0,1.2654112577438354,-0.03350043296813965,0.5438600778579712,0.0,-1.5164913188877005,115,404
51,14,-0.13185985386371613,0.8288423418998718,-0.08835029602050781,-0.5827072262763977,-9.03938654972935,-6.009448551547614,175,411
51,15,-0.13185985386371613,0.8303585648536682,-0.07273209095001221,-0.5438600778579712,-9.023152557661925,-4.944191466239588,247,411
51,16,-0.13185985386371613,0.8320480585098267,-0.04981362819671631,-0.5050129294395447,-9.005131363135316,-3.38400319000444,243,420
51,17,-0.13185985386371613,0.8335378766059875,-3.504211053950712e-05,-0.46616578102111816,-8.989299163633955,-0.0023791417305088886,239,422
51,18,-0.13185985386371613,0.8335031270980835,0.007611033972352743,-0.42731863260269165,-8.989667815468112,0.5167489562924057,242,422
51,19,0.0,1.2481275796890259,0.21110494434833527,-0.3107771873474121,0.0,9.599998486840228,119,457
51,20,0.0,1.2643369436264038,0.061966292560100555,-0.11654144525527954,0.0,2.8058725755764646,155,514
51,21,-0.07911591231822968,1.2611408233642578,-0.0751827135682106,-0.038847148418426514,-3.5896667784910625,-3.404963460391532,161,532
52,0,0.03955795615911484,1.261656403541565,0.09511084109544754,0.0,1.795862689405618,4.309018080914339,283,516
52,1,0.07911591231822968,1.2578719854354858,0.11784142255783081,0.038847148418426514,3.5989707761194123,5.341534886328683,301,560
52,2,0.03296496346592903,1.043752670288086,0.14920824766159058,0.11654144525527954,1.8089780305575431,8.131520523960662,204,520
52,3,-0.09889489412307739,0.6088842749595642,0.14169234037399292,0.15538859367370605,-9.225412224362257,12.936337170959549,125,511
52,4,0.03955795615911484,1.26331627368927,0.06967848539352417,0.15538859367370605,1.7935046490568742,3.1554191609360496,127,498
52,5,-0.13845284283161163,0.5965480804443359,0.15986935794353485,0.19423574209213257,-13.066444141774284,14.630663669800128,131,470
52,6,-0.03955795615911484,1.2611602544784546,-0.10147814452648163,0.19423574209213257,-1.7965687311520535,-4.598091401798269,157,463
52,7,-0.09889489412307739,0.6124833822250366,0.1252233237028122,0.23308289051055908,-9.17212545042182,11.411136885195349,126,461
52,8,-0.13185985386371613,0.8262585401535034,0.10991909354925156,0.2719300389289856,-9.067184836914432,7.484088253079855,167,438
52,9,-0.11867386847734451,0.6078456044197083,0.13052675127983093,0.3107771873474121,-11.04728249419119,11.901340332566665,120,459
52,10,-0.03955795615911484,1.2503455877304077,0.19354307651519775,0.3107771873474121,-1.8120975529463261,8.794744461350309,161,438
52,11,-0.07911591231822968,1.2420666217803955,0.23108212649822235,0.3496243357658386,-3.644645201116891,10.518342797006369,155,445
52,12,-0.07911591231822968,1.242616057395935,0.22810974717140198,0.38847148418426514,-3.643038024136238,10.381535331351449,135,459
52,13,-0.11867386847734451,1.2303125858306885,0.2731946110725403,0.42731863260269165,-5.509608548791949,12.463540783138082,119,451
52,14,-0.09230189770460129,1.4679677486419678,0.13258497416973114,0.6604015231132507,-3.5978693664321475,5.150761866314508,134,410
52,15,0.0,1.4766409397125244,-0.023653598502278328,0.6992486715316772,0.0,-0.9177149511878907,173,415
52,16,0.0,1.265850305557251,-0.003302664030343294,0.7380958199501038,0.0,-0.14948709188392104,209,398
52,17,0.0,1.2633533477783203,0.07953739166259766,0.7769429683685303,0.0,3.6024364739007844,152,411
52,18,-0.09889489412307739,1.046330213546753,0.09045536816120148,-0.5438600778579712,-5.399325291588818,4.919127510788515,134,410
52,19,-0.06592992693185806,1.030813217163086,0.21411839127540588,-0.5050129294395447,-3.6596040215339496,11.711225086914846,151,403
52,20,0.0,1.246984839439392,0.21775341033935547,-0.46616578102111816,0.0,9.905337994415452,152,407
52,21,-0.47469547390937805,0.9602877497673035,-0.6744623780250549,-0.46616578102111816,-26.30439741820081,-32.195640504369024,152,407
52,22,0.0,1.0433274507522583,0.15568283200263977,-0.42731863260269165,0.0,8.486919558344967,155,409
52,23,-0.39557957649230957,0.7184674739837646,-0.6633933186531067,-0.42731863260269165,-28.836653357737323,-38.96761622412211,155,409
52,24,-0.11867386847734451,0.6111968159675598,0.11380667984485626,-0.38847148418426514,-10.988188136304313,10.358694712607774,126,430
52,25,0.0,1.2633533477783203,0.07953739166259766,-0.38847148418426514,0.0,3.6024364739007844,131,420
52,26,-0.11867386847734451,0.6187796592712402,0.060210004448890686,-0.3496243357658386,-10.85675245549407,5.458768332345355,147,430
52,27,0.0,1.2591983079910278,0.1296442449092865,-0.3496243357658386,0.0,5.878333162505145,159,407
52,28,-0.07911591231822968,1.2597930431365967,0.09513159841299057,-0.3107771873474121,-3.593497099111516,4.309960171677384,211,404
52,29,-0.03955795615911484,1.263607382774353,0.06418189406394958,-0.2719300389289856,-1.7930917323294762,2.9062810075554193,201,418
52,30,-0.07911591231822968,0.6250474452972412,0.06044309586286545,-0.23308289051055908,-7.213899588639983,5.479965408904555,126,473
52,31,-0.11867386847734451,1.2596025466918945,-0.04130245000123978,-0.23308289051055908,-5.382253010963721,-1.8697851193344361,165,445
52,32,-0.09889489412307739,1.0502327680587769,-0.0005227209767326713,-0.19423574209213257,-5.37937988101039,-0.02839160888688895,208,444
52,33,-0.03955795615911484,1.26520836353302,0.008415150456130505,-0.15538859367370605,-1.7908242521366262,0.3808937928815645,179,480
52,34,-0.03955795615911484,1.2640525102615356,0.05471857637166977,-0.11654144525527954,-1.7924607192612176,2.4774731868988242,182,500
52,35,-0.2175687700510025,2.305955171585083,0.14504584670066833,-0.11654144525527954,-5.38994788231309,3.583321861268562,121,438
52,36,0.0,1.263443112373352,0.07809819281101227,-0.07769429683685303,0.0,3.537168108086171,248,504
52,37,0.0,1.2633378505706787,0.07978300005197525,-0.038847148418426514,0.0,3.6135754381449505,263,494
53,0,0.03955795615911484,1.2525203227996826,0.17892986536026,0.0,1.8089533233077248,8.126032661486088,257,513
53,1,-0.03955795615911484,1.25306236743927,0.17509330809116364,0.038847148418426514,-1.8081713331765634,7.9506574285271014,212,519
53,2,0.0,1.243542194366455,0.2366238385438919,0.07769429683685303,0.0,10.773567089892007,205,504
53,3,0.0,1.2562638521194458,0.15552832186222076,0.11654144525527954,0.0,7.05743755543978,226,476
53,4,0.0,1.2555279731750488,0.16136080026626587,0.15538859367370605,0.0,7.323523422341384,233,465
53,5,0.03955795615911484,1.244512915611267,0.22805814445018768,0.19423574209213257,1.820584628022057,10.379161794670749,189,468
53,6,0.03955795615911484,1.244165301322937,0.22994767129421234,0.23308289051055908,1.82109294886365,10.466120359040959,160,466
53,7,0.0,1.2335164546966553,0.2842974364757538,0.2719300389289856,0.0,12.97873045366619,145,444
53,8,0.03955795615911484,1.2319527864456177,0.288297563791275,0.42731863260269165,1.8391333529988731,13.164602288960221,140,426
53,9,0.03955795615911484,1.2526774406433105,0.1778261512517929,0.46616578102111816,1.8087265849345435,8.075572628122252,116,421
53,10,-0.13845284283161163,1.4498484134674072,-0.24453696608543396,0.6992486715316772,-5.454902036497496,-9.531063007277544,118,429
53,11,-0.15823182463645935,1.2527343034744263,0.08948435634374619,0.7380958199501038,-7.1988600887525305,4.0536690022236685,120,422
53,12,-0.23075474798679352,1.1832267045974731,-0.853085458278656,0.9711787104606628,-11.035400466419455,-35.285158562152944,125,418
53,13,-0.18460379540920258,1.2895021438598633,-0.6957969069480896,1.0100258588790894,-8.147049055377726,-28.108457766244467,128,418
53,14,-0.13845284283161163,1.2905185222625732,-0.7045712471008301,1.048872947692871,-6.123536033502506,-28.495086994273176,120,426
53,15,-0.026371970772743225,0.7819881439208984,0.3161826729774475,1.5538859367370605,-1.931525679457426,22.00373548910147,130,414
53,16,0.0,0.7515605688095093,0.38383474946022034,1.5927331447601318,0.0,27.054173022095018,183,399
53,17,-0.026371970772743225,0.7755876779556274,0.3315730690956116,1.6315802335739136,-1.9474531938316784,23.13532837492638,195,399
53,18,0.0,0.7617409825325012,0.36321207880973816,1.6704273223876953,0.0,25.492662852505802,200,393
53,19,0.0,0.7529706358909607,0.3810611665248871,1.7092745304107666,0.0,26.842925523577474,198,400
53,20,0.0,0.7612721920013428,0.3641936480998993,1.7869688272476196,0.0,25.566515666853046,206,406
53,21,0.0,0.7491352558135986,0.38854697346687317,1.8258159160614014,0.0,27.413992765068723,192,401
53,22,0.0,0.7547178268432617,0.37758883833885193,1.8646631240844727,0.0,26.579013641064996,177,402
53,23,0.0,0.7547178268432617,0.37758883833885193,1.903510332107544,0.0,26.579013641064996,180,408
53,24,0.0,0.7540125846862793,0.37899523973464966,1.9812045097351074,0.0,26.685832224941404,159,408
53,25,0.0,0.7466614246368408,0.39327991008758545,2.0200517177581787,0.0,27.776577561230116,143,419
53,26,0.0,0.7308414578437805,0.4219515323638916,2.05889892578125,0.0,30.000001206874515,117,407
53,27,-0.026371970772743225,0.7197259664535522,0.4398539364337921,2.097745895385742,-2.0984749870266826,31.413705922681046,164,394
53,28,0.0,0.7408778667449951,0.40406981110572815,2.1365931034088135,0.0,28.60775435197526,160,402
53,29,0.0,0.7141392230987549,0.4496415853500366,2.1754403114318848,0.0,32.19564036788223,134,409
53,30,0.07911591231822968,1.236975908279419,0.2569420635700226,-0.5827072262763977,3.659603880844631,11.711224385551665,128,414
53,31,0.0,1.2582862377166748,0.1382160186767578,-0.38847148418426514,0.0,6.268504190486948,145,401
53,32,0.0,1.2601827383041382,0.11969728022813797,-0.3496243357658386,0.0,5.4259077109871585,138,420
53,33,0.0,1.2649062871932983,0.04899026080965996,-0.3107771873474121,0.0,2.217976912753629,190,427
53,34,0.0,1.2653720378875732,0.03494982793927193,-0.2719300389289856,0.0,1.5821186159296228,177,423
53,35,0.0,1.2553921937942505,0.16241392493247986,-0.23308289051055908,0.0,7.371585060267333,211,434
53,36,0.03955795615911484,1.2541539669036865,0.1670953929424286,-0.19423574209213257,1.8065985675073708,7.58529805125121,249,428
53,37,0.07911591231822968,1.2546489238739014,0.1482720971107483,-0.15538859367370605,3.608191761580653,6.726611624016672,257,460
53,38,0.07911591231822968,1.244426965713501,0.21801409125328064,-0.07769429683685303,3.6377508676706936,9.917315190429145,286,506
53,39,0.07911591231822968,1.248716115951538,0.19192904233932495,-0.038847148418426514,3.6252891258241435,8.720826882722063,268,547
54,0,0.11867386847734451,1.2537697553634644,0.12792904675006866,0.0,5.407144279553104,5.800294168320603,211,532
54,1,0.03955795615911484,1.2444677352905273,0.22830472886562347,0.038847148418426514,1.8206506797460007,10.390508441329787,215,492
54,2,0.0,1.2485631704330444,0.20851340889930725,0.07769429683685303,0.0,9.48105360838887,220,467
54,3,0.0,1.2558300495147705,0.15899278223514557,0.11654144525527954,0.0,7.215472358740415,232,460
54,4,0.0,1.2654458284378052,0.032166220247745514,0.15538859367370605,0.0,1.4560812064776523,177,436
54,5,0.0,1.2482966184616089,0.21010367572307587,0.19423574209213257,0.0,9.554037225233815,120,438
54,6,-0.07911591231822968,0.7704067230224609,0.33524104952812195,0.38847148418426514,-5.863361247490911,23.406415683467234,130,481
54,7,-0.09889489412307739,0.9597336053848267,0.42649805545806885,0.42731863260269165,-5.88322830364363,23.847894748663162,144,455
54,8,0.0,1.246984839439392,0.21775341033935547,-0.3496243357658386,0.0,9.905337994415452,140,403
54,9,0.06592992693185806,1.0251206159591675,0.2398967295885086,-0.3107771873474121,3.6798704967782325,13.145010316054522,116,394
54,10,0.09889489412307739,1.0122065544128418,0.28004831075668335,-0.2719300389289856,5.580217844508123,15.39542441264394,121,414
54,11,0.07911591231822968,1.2485228776931763,-0.19318166375160217,-0.23308289051055908,3.625848727797895,-8.778191707568888,133,434
54,12,0.03955795615911484,1.2602720260620117,-0.11197040230035782,-0.19423574209213257,1.7978341060043204,-5.074695917104458,173,457
54,13,0.07911591231822968,1.2606199979782104,0.08346201479434967,-0.15538859367370605,3.591145969723777,3.7804440705202444,198,498
54,14,-0.11867386847734451,1.2592082023620605,0.05195348337292671,-0.11654144525527954,-5.38392865993437,2.352206632777424,212,509
54,15,0.3164636492729187,1.2251757383346558,0.034394845366477966,-0.11654144525527954,14.482976331867265,1.5569892966727463,212,509
54,16,0.19778978824615479,1.2467900514602661,0.09371006488800049,-0.07769429683685303,9.01423943225649,4.245438292066797,277,537
54,17,0.15823182463645935,1.2528103590011597,0.0884132981300354,-0.038847148418426514,7.198427645316817,4.00507004412746,244,564
55,0,-0.03955795615911484,1.2164443731307983,-0.34797435998916626,0.0,-1.8625639983790578,-15.955627802710797,204,508
55,1,0.35602161288261414,1.197692632675171,0.20290090143680573,0.0,16.554910180482366,9.223594975244197,204,508
55,2,0.0,1.2616477012634277,0.10311626642942429,0.038847148418426514,0.0,4.67248017251088,172,547
55,3,0.0,0.9951415061950684,0.34994667768478394,0.07769429683685303,0.0,19.37448859596209,161,529
55,4,0.0,0.9376423358917236,0.4833179712295532,0.11654144525527954,0.0,27.269335851578262,200,478
55,5,0.0,0.9423248767852783,0.47412359714508057,0.15538859367370605,0.0,26.708906947209737,180,437
55,6,-0.36261460185050964,0.8363871574401855,-0.5307886004447937,0.15538859367370605,-23.43908296830289,-30.21027586649441,180,437
55,7,-0.19778978824615479,1.0386486053466797,0.6960432529449463,0.19423574209213257,-10.781740500159687,33.35743214450276,114,448
55,8,0.0,0.9770551323890686,0.39765894412994385,0.42731863260269165,0.0,22.14619767274302,179,424
55,9,-0.06592992693185806,0.9557558298110962,0.4415353536605835,0.46616578102111816,-3.9461248585727327,24.74402184821148,217,416
55,10,0.0,0.9563385248184204,0.44518089294433594,0.5050129294395447,0.0,24.962239396079056,181,412
55,11,0.0,0.966083824634552,0.4236171245574951,0.5438600778579712,0.0,23.676922084217914,166,407
55,12,-0.06592992693185806,0.9698042273521423,0.40975892543792725,0.5438600778579712,-3.8891387573927534,22.85757183288509,166,407
55,13,-0.03296496346592903,0.9511496424674988,0.454969197511673,0.5827072262763977,-1.9849637718773556,25.550087783761125,175,418
55,14,0.0,0.9645004272460938,0.42720991373062134,0.6215543746948242,0.0,23.8901755131634,112,409
55,15,-0.06592992693185806,0.9033203125,0.5407726764678955,0.6215543746948242,-4.174400033180263,30.839812368809376,112,409
55,16,-0.07911591231822968,1.2629508972167969,-0.03292003273963928,-0.23308289051055908,-3.584535455604942,-1.4902118478057655,160,405
55,17,-0.15823182463645935,1.2352453470230103,-0.22697928547859192,-0.19423574209213257,-7.299691797242661,-10.32952077415463,150,410
55,18,0.0,1.265554428100586,0.027566593140363693,-0.15538859367370605,0.0,1.2478323194115832,255,428
55,19,-0.03955795615911484,1.2582448720932007,0.13282667100429535,-0.11654144525527954,-1.8007286848799318,6.023158430345351,239,462
55,20,0.0,1.2605029344558716,-0.11627616733312607,-0.07769429683685303,0.0,-5.27038269909288,228,507
55,21,-0.03955795615911484,1.2509007453918457,-0.18992187082767487,-0.038847148418426514,-1.8112938684212831,-8.628926424491771,230,554
55,22,0.35602161288261414,1.1481746435165405,0.3966502845287323,-0.038847148418426514,17.22741848460285,18.260983198034047,230,554
56,0,0.09889489412307739,1.0467615127563477,0.08532004803419113,0.0,5.397113736327045,4.639228809128235,219,541
56,1,0.11867386847734451,1.25919771194458,0.052205782383680344,0.038847148418426514,5.3839732500492,2.3636361038913556,215,580
56,2,0.05274394154548645,0.8334723711013794,0.12130222469568253,0.07769429683685303,3.6209729454492288,8.26429484055568,173,549
56,3,0.0,1.2548484802246094,0.16656306385993958,0.11654144525527954,0.0,7.560991267030405,236,450
56,4,0.0,0.9976889491081238,0.34261655807495117,0.15538859367370605,0.0,18.95299416107363,199,446
56,5,-0.06592992693185806,0.998476505279541,0.33386731147766113,0.19423574209213257,-3.7777863018861972,18.45128491059364,197,431
56,6,0.0,0.9985056519508362,0.3402291536331177,0.23308289051055908,0.0,18.815944657815916,198,411
56,7,0.0,0.9933942556381226,0.354876309633255,0.2719300389289856,0.0,19.658563038662738,152,415
56,8,0.0,1.2256584167480469,0.3164636492729187,0.3107771873474121,0.0,14.477512503083895,117,406
56,9,0.23075474798679352,1.0024514198303223,-0.233693465590477,-0.07769429683685303,12.963128083457505,-12.799256815725961,152,461
56,10,0.15823182463645935,1.255394458770752,-0.03654152527451515,-0.038847148418426514,7.183765382101481,-1.654191630184628,184,518
57,0,0.13185985386371613,1.0431021451950073,0.08555807173252106,0.0,7.204617591527037,4.652199867755744,238,536
57,1,0.13185985386371613,1.044392466545105,0.06801941245794296,0.038847148418426514,7.195809822903784,3.6970417379598324,232,585
57,2,0.13185985386371613,1.0401531457901,0.1160336509346962,0.07769429683685303,7.224828289995167,6.315150381503806,214,540
57,3,0.03955795615911484,1.2012726068496704,0.3971991240978241,0.11654144525527954,1.8860708219937317,18.28714442379548,222,470
57,4,-0.07911591231822968,1.213149070739746,0.35270094871520996,0.15538859367370605,-3.7312791799840035,16.178261309680344,221,439
57,5,0.03955795615911484,1.2597898244857788,-0.11727198213338852,0.19423574209213257,1.7985217994361282,-5.3156485530954845,212,429
57,6,0.0,1.2492122650146484,0.20458880066871643,0.23308289051055908,0.0,9.301002668743157,242,398
57,7,0.03955795615911484,1.201806902885437,0.39557957649230957,0.3107771873474121,1.88523292297383,18.209957571128275,114,412
57,8,0.0,1.2023190259933472,0.39600104093551636,0.3496243357658386,0.0,18.230041045274284,137,403
57,9,-0.06592992693185806,0.9202544689178467,0.5114238262176514,-0.42731863260269165,-4.097848510793935,29.00052262105647,178,409
57,10,-0.03296496346592903,0.9153211116790771,0.5233258008956909,-0.38847148418426514,-2.062595613769006,29.742338038922696,206,430
57,11,-0.06592992693185806,0.9377055168151855,0.47867628931999207,-0.3496243357658386,-4.021838650896187,26.986060411572325,225,440
57,12,-0.06592992693185806,0.9356625080108643,0.4826575219631195,-0.3107771873474121,-4.030591379540277,27.22898619225429,210,420
57,13,-0.09889489412307739,0.9828409552574158,0.37015244364738464,-0.2719300389289856,-5.74584559102273,20.542109548416665,129,415
57,14,0.0,1.2649322748184204,-0.04831339418888092,-0.11654144525527954,0.0,-2.1873176457865435,159,437
57,15,0.03955795615911484,1.2558643817901611,0.1537129431962967,-0.07769429683685303,1.8041397115834632,6.974649172278256,140,510
57,16,0.27690568566322327,1.2302662134170532,-0.11025560647249222,-0.038847148418426514,12.684629487401274,-4.996778806060827,116,546
58,0,0.23734773695468903,1.2433855533599854,-0.006809583865106106,0.0,10.807080824966325,-0.30822046042484436,255,483
58,1,0.19778978824615479,1.2499690055847168,0.029061956331133842,0.038847148418426514,8.991689205366097,1.315533184888754,263,529
58,2,0.03955795615911484,1.2597107887268066,0.11811811476945877,0.07769429683685303,1.798634566724114,5.354113205537689,295,516
58,3,0.0,1.2611645460128784,0.10886627435684204,0.11654144525527954,0.0,4.9336574623705785,304,483
58,4,0.0,1.2528455257415771,0.18101340532302856,0.15538859367370605,0.0,8.221307102669066,244,451
58,5,0.0,1.2635109424591064,0.07699364423751831,0.19423574209213257,0.0,3.487079265364267,222,445
58,6,-0.07911591231822968,1.2628711462020874,0.03584686294198036,0.23308289051055908,-3.5847612307551397,1.6227365871448904,165,417
58,7,0.0,1.2630295753479004,0.08452394604682922,0.2719300389289856,0.0,3.828615933884428,191,405
58,8,0.0,1.2552974224090576,0.16314467787742615,0.3107771873474121,0.0,7.404937785840595,181,416
58,9,0.03955795615911484,1.2478951215744019,0.20876015722751617,0.3496243357658386,1.8156535524813437,9.492376809488906,131,415
58,10,-0.09889489412307739,0.9675562381744385,0.4084411561489105,-0.42731863260269165,-5.835992397120752,22.779918940643494,197,419
58,11,-0.09889489412307739,0.9874894022941589,0.3575666546821594,-0.38847148418426514,-5.718977662816855,19.813807961939,212,419
58,12,-0.13185985386371613,0.9871212840080261,0.34781306982040405,-0.3496243357658386,-7.608540014823914,19.251690430414484,164,413
58,13,0.0,1.2542641162872314,0.1709076315164566,-0.11654144525527954,0.0,7.759408313368081,225,445
58,14,0.03955795615911484,1.2470924854278564,0.2135024070739746,-0.07769429683685303,1.8168213350007938,9.710072818480652,244,483
58,15,0.03955795615911484,1.2263919115066528,0.31110450625419617,-0.038847148418426514,1.847466838503405,14.227128657552804,210,508
59,0,0.11867386847734451,1.252318263053894,0.14143308997154236,0.0,5.413374190580009,6.415013713204785,295,497
59,1,0.11867386847734451,1.2518705129623413,0.14534291625022888,0.038847148418426514,5.415298856302553,6.593128804291878,284,541
59,2,0.15823182463645935,1.248806118965149,0.13354361057281494,0.07769429683685303,7.221265805378129,6.055790017468025,297,492
59,3,0.03955795615911484,1.2636481523513794,0.0633753091096878,0.11654144525527954,1.7930339188698636,2.869726370737797,221,487
59,4,0.0,1.2651594877243042,0.041945409029722214,0.15538859367370605,0.0,1.898902820729017,192,464
59,5,-0.07911591231822968,1.262261152267456,0.053154293447732925,0.19423574209213257,-3.5864890637400464,2.4066052539901714,212,461
59,6,-0.03955795615911484,1.2626111507415771,0.08146234601736069,0.23308289051055908,-1.794505602238995,3.6897415138198575,284,434
59,7,-0.03955795615911484,1.2620400190353394,0.08987809717655182,0.2719300389289856,-1.7953171680070696,4.07153570546896,244,431
59,8,-0.11867386847734451,1.2579525709152222,0.0765494853258133,0.3107771873474121,-5.389271028862537,3.4669383720554263,166,425
59,9,-0.03955795615911484,1.2485309839248657,0.20492322742938995,0.3496243357658386,-1.8147294796378473,9.316341317650302,201,419
59,10,0.0,1.2459948062896729,0.22334934771060944,0.38847148418426514,0.0,10.16255795754499,172,412
59,11,0.03955795615911484,1.236972689628601,0.2659353017807007,0.46616578102111816,1.831674845892223,12.127252018709859,153,397
59,12,0.0,1.2375143766403198,0.26635679602622986,0.5050129294395447,0.0,12.146766393719785,153,401
59,13,-0.09230189770460129,1.454825758934021,-0.236622616648674,-0.6215543746948242,-3.6302837502673357,-9.219856963645077,124,413
59,14,0.0,1.2620000839233398,-0.09871024638414383,-0.5827072262763977,0.0,-4.472415673034881,146,405
59,15,0.07911591231822968,1.228107213973999,0.29644784331321716,-0.5438600778579712,3.6859588706130726,13.543757234566415,120,413
59,16,-0.07911591231822968,1.2593315839767456,0.10105667263269424,-0.5438600778579712,-3.594810418510692,4.578953201633222,120,413
59,17,0.0,1.0221186876296997,0.26084986329078674,-0.5050129294395447,0.0,14.316583175646787,160,410
59,18,-0.03296496346592903,1.0260542631149292,0.2426835149526596,-0.46616578102111816,-1.8401598166275466,13.300497819201619,176,404
59,19,0.0,1.0341153144836426,0.20826636254787445,-0.42731863260269165,0.0,11.386803042619372,137,407
59,20,0.0,1.0137639045715332,0.29163673520088196,-0.3496243357658386,0.0,16.049319196454228,116,412
59,21,-0.07911591231822968,1.2444833517074585,0.217692032456398,-0.2719300389289856,-3.637586488252689,9.902517150698282,152,425
59,22,-0.13185985386371613,1.0340334177017212,0.1617322415113449,-0.23308289051055908,-7.2671312635989365,8.819276470842583,145,447
59,23,0.0,1.2616398334503174,0.10321211069822311,-0.11654144525527954,0.0,4.676832918448423,120,502
59,24,0.03955795615911484,1.2558910846710205,0.15349479019641876,-0.07769429683685303,1.804101377136026,6.964701392396166,245,513
59,25,0.03955795615911484,1.2543814182281494,0.16537922620773315,-0.038847148418426514,1.8062712021596812,7.506941418900466,275,520
60,0,0.07911591231822968,1.2595491409301758,0.09830822050571442,0.0,3.5941911288689132,4.454163687292111,263,521
60,1,0.13185985386371613,1.030855417251587,0.1808852255344391,0.038847148418426514,7.289294337817959,9.873582904050233,198,538
60,2,0.13185985386371613,1.021994709968567,0.22563068568706512,0.07769429683685303,7.35180413828078,12.350561323108877,164,515
60,3,0.07911591231822968,1.2183854579925537,0.33416375517845154,0.11654144525527954,3.715287868134719,15.306515338444914,120,498
60,4,0.0,1.25199294090271,0.1868194043636322,0.19423574209213257,0.0,8.486919825176399,135,455
60,5,0.0,1.254262089729309,0.17092236876487732,0.23308289051055908,0.0,7.760081635271419,147,444
60,6,0.03955795615911484,1.2429354190826416,0.23650477826595306,0.2719300389289856,1.822893701730675,10.768082267564344,135,432
60,7,-0.3164636492729187,1.057571291923523,-0.6195011138916016,0.2719300389289856,-16.659088442952058,-29.30073073642658,135,432
60,8,0.07911591231822968,1.232430100440979,0.2779290974140167,0.3107771873474121,3.6730654131819516,12.683101096695784,123,436
60,9,-0.03955795615911484,1.2634321451187134,0.06754359602928162,0.3496243357658386,-1.793340271222173,3.0586465757982046,135,417
60,10,-0.2109757661819458,0.7634708881378174,-0.29115936160087585,2.2919816970825195,-15.447481101617841,-20.182722548904618,123,410
60,11,-0.2109757661819458,0.7159605622291565,-0.3937792181968689,2.369676113128662,-16.418933817403676,-27.814899146171406,157,392
60,12,-0.15823182463645935,0.7278777956962585,-0.39664724469184875,2.4085230827331543,-12.264587426993783,-28.0352803946598,158,414
60,13,-0.18460379540920258,0.7215026617050171,-0.39689767360687256,2.4473702907562256,-14.351817527426032,-28.054545395629944,131,411
60,14,-0.1054878830909729,0.6995583176612854,0.4600682854652405,-2.4473702907562256,-8.575146996308785,33.036092031536185,132,411
60,15,-0.1054878830909729,0.7231884598731995,0.4219515323638916,-2.4085230827331543,-8.298921429626516,30.000001079846502,173,412
60,16,-0.1054878830909729,0.7231884598731995,0.4219515323638916,-2.369676113128662,-8.298921429626516,30.000001079846502,206,415
60,17,-0.07911591231822968,0.7188882827758789,0.4348708689212799,-2.330828905105591,-6.28030673652503,31.018113659038516,216,422
60,18,-0.07911591231822968,0.7183778882026672,0.4357135593891144,-2.2919816970825195,-6.284733089306798,31.084895422827124,221,415
60,19,-0.1054878830909729,0.7200273871421814,0.42732328176498413,-2.2531347274780273,-8.334844714163838,30.422031759511345,213,405
60,20,-0.07911591231822968,0.7275882363319397,0.4201529026031494,-2.214287519454956,-6.205800986008741,29.8590916407565,241,398
60,21,-0.07911591231822968,0.7286227345466614,0.418356329202652,-2.1754403114318848,-6.197058596498495,29.71854368186757,238,413
60,22,-0.05274394154548645,0.7221946120262146,0.43338826298713684,-2.1365931034088135,-4.177058932673014,30.900730444208826,196,414
60,23,-0.05274394154548645,0.7584521770477295,0.3662523031234741,-2.097745895385742,-3.978033060825617,25.721556896303028,164,413
60,24,-0.07911591231822968,0.7475484013557434,0.3835158944129944,-2.05889892578125,-6.041342961886761,27.0298679592461,218,416
60,25,-0.07911591231822968,0.7491192817687988,0.3804383873939514,-2.0200517177581787,-6.02876784642122,26.79554628444367,246,399
60,26,-0.07911591231822968,0.749020516872406,0.38063275814056396,-1.9812045097351074,-6.029556936375639,26.810331999642855,229,411
60,27,-0.05274394154548645,0.7496703267097473,0.383907288312912,-1.9423574209213257,-4.02448062522534,27.059704760097762,215,404
60,28,-0.05274394154548645,0.7523948550224304,0.3785398602485657,-1.903510332107544,-4.009955038378109,26.651234226745867,191,409
60,29,-0.05274394154548645,0.7544093728065491,0.37450897693634033,-1.8646631240844727,-3.99928194996316,26.345436505132415,216,413
60,30,-0.07911591231822968,0.747826337814331,0.3829735815525055,-1.8258159160614014,-6.0391142378223055,26.98854207261931,210,421
60,31,-0.05274394154548645,0.7746622562408447,0.3305886387825012,-1.748121738433838,-3.8950502789118566,23.06266698319354,181,418
60,32,-0.07911591231822968,0.7586267590522766,0.36110731959342957,-1.7092745304107666,-5.953758534575142,25.334452530884025,196,414
60,33,-0.07911591231822968,0.7513246536254883,0.376064270734787,-1.6704273223876953,-6.011201296078873,26.46333026985444,172,413
60,34,-0.1054878830909729,0.782684326171875,0.29740527272224426,-1.6315802335739136,-7.675901849053837,20.635184424524496,146,412
60,35,-0.07911591231822968,0.7977249026298523,0.26371970772743225,-1.5927331447601318,-5.663898217520632,18.209956230769993,118,409
60,36,-0.09889489412307739,0.9785051941871643,0.3814665377140045,-1.2431087493896484,-5.771133980172634,21.199792410813483,131,421
60,37,-0.07911591231822968,0.7977249026298523,0.26371970772743225,-1.2042615413665771,-5.663898217520632,18.209956230769993,156,417
60,38,-0.026371970772743225,0.793084442615509,0.28721773624420166,-1.2042615413665771,-1.9045211275477187,19.897861221233047,156,417
60,39,-0.1054878830909729,0.7881878614425659,0.2824971079826355,-1.1654144525527954,-7.622937155322961,19.5573760004871,160,426
60,40,-0.07911591231822968,0.7880313396453857,0.29140979051589966,-1.1265673637390137,-5.7331084249481865,20.20083786932331,185,436
60,41,-0.07911591231822968,0.787117600440979,0.29386889934539795,-1.0877201557159424,-5.7397193922969585,20.378841357249225,191,435
60,42,-0.07911591231822968,0.7944904565811157,0.27330929040908813,-1.048872947692871,-5.686805650750837,18.896726857158335,216,420
60,43,-0.07911591231822968,0.7868524193763733,0.2945781648159027,-1.0100258588790894,-5.741640841772746,20.430220182876013,210,410
60,44,-0.1054878830909729,0.7939485907554626,0.26587653160095215,-0.9711787104606628,-7.568270108362377,18.36418067964995,211,402
60,45,-0.09889489412307739,0.9950191974639893,0.33604463934898376,-0.9323315620422363,-5.675983032144836,18.57600142190231,199,405
60,46,-0.07911591231822968,0.8002743721008301,0.25587892532348633,-0.8934844136238098,-5.645971250663667,17.650439335321536,239,396
60,47,-0.09889489412307739,1.009345293045044,0.29019173979759216,-0.8546372652053833,-5.59593621336229,15.967666903768693,209,421
60,48,-0.09889489412307739,1.027044415473938,0.21947407722473145,-0.8157901167869568,-5.500097560382397,12.008464928375949,194,417
60,49,-0.13185985386371613,1.0072286128997803,0.28438135981559753,-0.7769429683685303,-7.458377692466329,15.639678459086388,192,414
60,50,-0.07911591231822968,0.8104215264320374,0.22165288031101227,-0.7380958199501038,-5.575727238122597,15.227484587201927,138,436
60,51,-0.13185985386371613,1.0291599035263062,0.19029541313648224,-0.6604015231132507,-7.301173780938632,10.392797875816036,117,435
60,52,0.0,1.2644997835159302,0.05855035036802292,-0.5438600778579712,0.0,2.651082765344153,142,412
60,53,0.0,1.4759777784347534,0.050175342708826065,-0.5050129294395447,0.0,1.9469999916474419,116,416
60,54,0.09889489412307739,1.0206795930862427,-0.24739110469818115,-0.42731863260269165,5.534183166219516,-13.563381340218095,139,419
60,55,-0.23075474798679352,1.2907776832580566,-0.6794654130935669,-0.3496243357658386,-10.135801167643631,-27.392500747665167,122,439
60,56,-0.13845284283161163,1.467864751815796,-0.08503900468349457,-0.3107771873474121,-5.388345932408075,-3.301037790498433,138,433
60,57,-0.07911591231822968,1.2568614482879639,0.12817151844501495,-0.2719300389289856,-3.6018567929275815,5.811325566619247,201,436
60,58,0.0,1.2548295259475708,0.16670607030391693,-0.23308289051055908,0.0,7.567520707099727,218,460
60,59,0.0,1.253686547279358,0.1750938594341278,-0.19423574209213257,0.0,7.950682567698696,218,478
60,60,0.07911591231822968,1.2451072931289673,0.21409448981285095,-0.15538859367370605,3.6357685312492394,9.737262065758365,125,523
60,61,0.03955795615911484,1.2515084743499756,0.18587498366832733,-0.11654144525527954,1.8104148947351328,8.443702134856684,216,540
60,62,0.03955795615911484,1.2597665786743164,0.11752159148454666,-0.07769429683685303,1.7985549648181574,5.326995342592788,266,536
60,63,0.03955795615911484,1.262061357498169,0.08957827836275101,-0.038847148418426514,1.7952868333181449,4.057930855586681,268,555
61,0,0.0,1.2453477382659912,0.226929172873497,0.0,0.0,10.327215632081842,224,498
61,1,0.03955795615911484,1.2622146606445312,0.08739060908555984,0.038847148418426514,1.7950689281911927,3.9586688122411164,225,500
61,2,0.03955795615911484,1.264973759651184,0.025778109207749367,0.07769429683685303,1.791156164691578,1.1668630234907418,176,446
61,3,0.0,1.2654112577438354,0.03350043296813965,0.11654144525527954,0.0,1.5164913188877005,166,435
61,4,-0.15823182463645935,1.2558330297470093,0.01529394369572401,0.15538859367370605,-7.181282812429625,0.6922594127371188,113,442
61,5,-0.13185985386371613,0.7841057777404785,0.2827780842781067,-1.0100258588790894,-9.545879976947383,19.577622901639852,120,416
61,6,-0.1054878830909729,0.8193739652633667,0.1722526252269745,-0.9711787104606628,-7.336023312353926,11.777652145921365,145,421
61,7,-0.13185985386371613,0.8085424304008484,0.20259450376033783,-0.9323315620422363,-9.262450008122345,13.890580271200637,165,412
61,8,-0.11867386847734451,0.6073623895645142,0.13275691866874695,-0.8934844136238098,-11.055855194866762,12.107740808097274,154,428
61,9,-0.13185985386371613,0.8157408237457275,0.17132499814033508,-0.8546372652053833,-9.182113093960268,11.713325006909452,157,431
61,10,-0.13185985386371613,0.8183813691139221,0.15823182463645935,-0.8157901167869568,-9.152988849988464,10.806922779366804,159,427
61,11,-0.13185985386371613,0.8158884048461914,0.17062099277973175,-0.7769429683685303,-9.180480481529969,11.66451464688168,152,413
61,12,-0.18460379540920258,0.8041530251502991,0.17729021608829498,-0.6992486715316772,-12.92898296151042,12.127252263400665,139,410
61,13,-0.11867386847734451,0.6204557418823242,0.03934721648693085,-0.6604015231132507,-10.828118565288193,3.5642070757777233,118,420
61,14,-0.11867386847734451,1.2596468925476074,-0.03992725536227226,-0.6215543746948242,-5.3820646414837965,-1.80750826173877,132,404
61,15,-0.03955795615911484,1.2643972635269165,-0.04607232287526131,-0.5827072262763977,-1.79197230177786,-2.0858104543507014,154,413
61,16,-0.1054878830909729,0.8127921223640442,0.20103132724761963,-0.5438600778579712,-7.3947741914896925,13.781279764241143,146,423
61,17,0.0,1.263729453086853,-0.07331977039575577,-0.5438600778579712,0.0,-3.3204965270999494,170,413
61,18,-0.03955795615911484,1.262466311454773,0.08367624133825302,-0.5050129294395447,-1.794711346296201,3.7901620387003527,205,405
61,19,0.0,1.4766724109649658,0.02159810997545719,-0.46616578102111816,0.0,0.8379599345096642,172,424
61,20,-0.13185985386371613,0.8296449780464172,0.08046457171440125,-0.42731863260269165,-9.030785624709466,5.471356744917691,125,427
61,21,0.0,1.2455096244812012,0.22603881359100342,-0.38847148418426514,0.0,10.286254997976751,119,467
61,22,0.0,1.2657856941223145,-0.013206221163272858,-0.19423574209213257,0.0,-0.5977578095900306,118,498
61,23,0.11867386847734451,1.214647889137268,0.33605796098709106,-0.15538859367370605,5.5802175267919445,15.395423612525402,116,516
61,24,0.07911591231822968,1.2488133907318115,0.1912950724363327,-0.11654144525527954,3.625007491396231,8.691797317780582,275,515
61,25,0.07911591231822968,1.243802547454834,0.22154854238033295,-0.07769429683685303,3.63957219701146,10.079760890256951,295,533
61,26,0.03955795615911484,1.18407142162323,0.44586753845214844,-0.038847148418426514,1.91344983712007,20.62355888025479,217,543
62,0,0.06592992693185806,1.0301460027694702,0.21730564534664154,0.0,3.661967859763023,11.888078353273752,210,538
62,1,0.0,2.3063440322875977,-0.25803419947624207,0.0,0.0,-6.383715445311206,146,473
62,2,0.03955795615911484,1.2631521224975586,0.07259278744459152,0.038847148418426514,1.7937375692290711,3.287536746716393,200,499
62,3,-0.07911591231822968,0.8393198847770691,0.03814705088734627,0.07769429683685303,-5.384899548185292,2.5908307654857485,135,460
62,4,-0.13185985386371613,0.8318674564361572,-0.05274394154548645,0.15538859367370605,-9.007054369090424,-3.5833216349265724,174,459
62,5,-0.11867386847734451,0.6190775632858276,-0.05706515908241272,0.19423574209213257,-10.85165218910673,-5.17285138401429,166,442
62,6,-0.23075474798679352,0.9132611155509949,0.4748428165912628,0.23308289051055908,-14.180196332323364,26.752646257589245,139,415
62,7,0.03955795615911484,1.2647457122802734,-0.03523439168930054,-0.3496243357658386,1.7914789191420624,-1.5950035799229858,133,422
62,8,0.0,1.264280915260315,0.06310022622346878,-0.3107771873474121,0.0,2.857259896908221,152,418
62,9,0.0,1.264967918395996,0.04737117141485214,-0.2719300389289856,0.0,2.1446397552819234,175,443
62,10,-0.03955795615911484,1.265084981918335,-0.01957174763083458,-0.23308289051055908,-1.790998794474965,-0.8859020704227479,214,442
62,11,0.03955795615911484,1.2631053924560547,0.07340092211961746,-0.19423574209213257,1.7938038872656032,3.324176008809201,187,448
62,12,0.0,1.2461235523223877,0.2226298302412033,-0.15538859367370605,0.0,10.129473529000814,211,466
62,13,0.13185985386371613,1.0105233192443848,0.2724425792694092,-0.11654144525527954,7.43433288276768,14.967379840982405,228,507
62,14,0.06592992693185806,1.0305758714675903,0.21525800228118896,-0.07769429683685303,3.6604445516045483,11.77444593834269,243,561
62,15,-0.07252292335033417,2.295119524002075,-0.33611205220222473,-0.07769429683685303,-1.8098731820809155,-8.327440057480272,150,489
62,16,0.06592992693185806,1.0299129486083984,0.21840742230415344,-0.038847148418426514,3.662794253694817,11.94924020016638,223,581
62,17,0.07252292335033417,2.3095595836639404,-0.21559078991413116,-0.038847148418426514,1.798564767333891,-5.330331164270364,170,500
63,0,0.0,1.2414193153381348,0.24751980602741241,0.0,0.0,11.276020914160734,199,508
63,1,-0.07911591231822968,0.8267170190811157,-0.1498401015996933,0.07769429683685303,-5.466495947423658,-10.227439136455473,116,513
63,2,-0.07911591231822968,0.8318746089935303,-0.11788830161094666,0.11654144525527954,-5.4328072954944,-8.030147294570023,141,495
63,3,-0.03955795615911484,1.263304591178894,-0.06989002972841263,-0.19423574209213257,-1.7935212238024618,-3.1650087676889207,170,431
63,4,0.27690568566322327,1.0403002500534058,0.6659477949142456,-0.19423574209213257,14.905307512919153,31.741350153932416,170,431
63,5,0.09889489412307739,1.0194711685180664,0.25232449173927307,-0.15538859367370605,5.540702283304275,13.839187552015716,268,457
63,6,0.03296496346592903,1.042115569114685,0.16024264693260193,-0.11654144525527954,1.8118179341524276,8.737410883000837,300,498
63,7,-0.03955795615911484,1.2639503479003906,0.057030875235795975,-0.07769429683685303,-1.792605505443936,2.5822356996493157,248,533
63,8,0.23734773695468903,1.1835987567901611,0.3809829354286194,-0.038847148418426514,11.339159883247708,17.515809550119638,173,552
64,0,0.26371970772743225,0.973634660243988,0.308636873960495,0.0,15.155547654518774,17.01250508114056,154,552
64,1,-0.06592992693185806,0.9798643589019775,-0.3850824236869812,0.0,-3.8493301703617075,-21.4105956206508,154,552
64,2,0.0,1.2588419914245605,-0.13305886089801788,0.038847148418426514,0.0,-6.033726552815185,168,488
64,3,-0.11867386847734451,1.2302813529968262,-0.27333536744117737,0.07769429683685303,-5.509747559108054,-12.470065318333486,136,429
64,4,0.0,1.0454590320587158,0.14065802097320557,-0.15538859367370605,0.0,7.662667542365839,163,423
64,5,0.16482481360435486,0.9869415760040283,0.33398881554603577,-0.11654144525527954,9.48121823830763,18.458242589214194,288,469
64,6,0.16482481360435486,0.9945871829986572,0.3104810416698456,-0.07769429683685303,9.40964243186833,17.117283410028286,250,565
64,7,0.23075474798679352,0.9829886555671692,0.3053765594959259,-0.038847148418426514,13.210874560977695,16.82740819952638,189,601
65,0,0.0,1.2630436420440674,0.08431278169155121,0.0,0.0,3.8190369185552124,266,482
65,1,0.0,1.262971043586731,0.08539353311061859,0.038847148418426514,0.0,3.868064703601619,213,495
65,2,-0.03955795615911484,1.2618294954299927,0.09278682619333267,0.07769429683685303,-1.7956165026143196,4.203536205912624,168,428
65,3,0.0,1.264280915260315,0.06310022622346878,0.11654144525527954,0.0,2.857259896908221,123,399
65,4,0.0,1.054878830909729,0.0,0.15538859367370605,0.0,0.0,84,400
65,5,-0.09889489412307739,1.0265851020812988,0.22161276638507843,0.15538859367370605,-5.502543306970421,12.127252576616737,84,400
65,6,0.0,1.0493319034576416,0.10803687572479248,-0.19423574209213257,0.0,5.87833354139408,87,406
65,7,0.0,1.0433274507522583,0.15568283200263977,-0.15538859367370605,0.0,8.486919558344967,149,403
65,8,0.09889489412307739,1.0084710121154785,0.29321590065956116,-0.11654144525527954,5.600756706095827,16.138588023283592,227,436
65,9,0.13185985386371613,0.7642750144004822,0.33266961574554443,-0.07769429683685303,9.788835425143645,23.21631298466667,215,513
65,10,0.0,1.2653038501739502,0.03733872249722481,-0.038847148418426514,0.0,1.6902900754510939,252,546
66,0,0.0,0.9217056035995483,0.5130577087402344,0.0,0.0,29.102038440900273,223,461
66,1,0.0,1.0481308698654175,-0.11912659555673599,0.038847148418426514,0.0,-6.484197032062845,187,500
66,2,0.0,1.045938491821289,-0.1370476335287094,0.07769429683685303,0.0,-7.464847501117903,146,450
66,3,0.0,1.054878830909729,0.0,0.11654144525527954,0.0,0.0,71,414
66,4,0.0,1.054878830909729,0.0,-0.15538859367370605,0.0,0.0,74,405
66,5,0.05274394154548645,0.8307222127914429,0.13889245688915253,-0.11654144525527954,3.632928353934306,9.473035325291399,123,419
66,6,0.06592992693185806,0.9060266613960266,0.5362260341644287,-0.07769429683685303,4.161974764636502,30.552621696691077,232,458
67,0,0.03296496346592903,1.020574927330017,0.2647819221019745,0.0,1.8500325513241147,14.537106609423589,226,428
67,1,0.03296496346592903,1.0441771745681763,-0.14620791375637054,0.038847148418426514,1.8082430891850427,-7.966935810550913,222,468
67,2,0.0,1.0444457530975342,-0.14799460768699646,0.07769429683685303,0.0,-8.06493799695316,190,414
67,3,0.0,1.054878830909729,0.0,0.11654144525527954,0.0,0.0,87,414
67,4,0.06592992693185806,1.049443006515503,-0.08421389013528824,0.11654144525527954,3.594810350631657,-4.578952913958324,87,414
67,5,0.0,0.673588216304779,-0.5083810687065125,-0.11654144525527954,0.0,-37.04315782923019,61,417
68,0,0.03296496346592903,1.0511846542358398,0.08181290328502655,0.0,1.796196777149288,4.448137796360683,214,396
68,1,0.09889489412307739,1.0410152673721313,0.1388399600982666,0.038847148418426514,5.426727615924978,7.5630404959502915,157,473
68,2,0.0,1.0433274507522583,0.15568283200263977,0.07769429683685303,0.0,8.486919558344967,114,421
68,3,0.16482481360435486,1.0272963047027588,0.17396679520606995,-0.11654144525527954,9.115149432880026,9.492376634895137,67,415
68,4,0.16482481360435486,1.018081545829773,0.22161276638507843,-0.07769429683685303,9.196248069790954,12.127252127198071,186,407
68,5,0.13185985386371613,1.0212490558624268,0.22898192703723907,-0.038847148418426514,7.357113191473177,12.536963350187698,212,459
69,0,0.0,1.0534782409667969,0.05434150621294975,0.0,0.0,2.9528676910278855,140,412
69,1,0.06592992693185806,1.0487395524978638,0.09256301075220108,0.038847148418426514,3.597215281418342,5.03403733677521,174,469
69,2,0.0,2.0942256450653076,0.2555316090583801,0.038847148418426514,0.0,6.9566840602318045,82,434
69,3,0.0,1.0527944564819336,0.06628115475177765,0.07769429683685303,0.0,3.602436204648174,112,446
69,4,0.0,2.8598697185516357,0.7384151816368103,0.07769429683685303,0.0,14.477512117675756,63,397
69,5,0.13185985386371613,1.0398719310760498,0.11852653324604034,-0.07769429683685303,7.226761461574276,6.451396654338755,98,419
69,6,0.06592992693185806,1.04452645778656,0.13185985386371613,-0.038847148418426514,3.6116863116852995,7.180755953653309,161,454
69,7,0.0,2.295320510864258,-0.34250226616859436,-0.038847148418426514,0.0,-8.486919997255637,75,414
70,0,0.0,1.0525754690170288,0.06967274099588394,0.0,0.0,3.787033999429182,146,394
70,1,0.0,1.0343127250671387,0.20728397369384766,0.038847148418426514,0.0,11.332377892861667,193,453
70,2,0.0,1.0436444282531738,0.15354415774345398,0.07769429683685303,0.0,8.369488448769353,123,435
70,3,0.0,1.007879376411438,0.31136566400527954,-0.07769429683685303,0.0,17.16756506056785,119,411
70,4,0.0,1.028921127319336,0.23257414996623993,-0.038847148418426514,0.0,12.736918645198692,177,445
71,0,-0.06592992693185806,1.0482087135314941,0.0983932763338089,0.0,-3.599032213707747,5.352013536810311,188,391
71,1,-0.06592992693185806,1.0383975505828857,0.1736467182636261,0.038847148418426514,-3.6329465516417616,9.474750542319246,201,473
71,2,0.0,1.0389363765716553,0.18270327150821686,0.07769429683685303,0.0,9.973830471146885,138,452
71,3,0.0,2.938129186630249,0.30250322818756104,0.07769429683685303,0.0,5.878333365535433,77,411
71,4,0.36920759081840515,2.914839506149292,0.30250322818756104,0.07769429683685303,7.218916106523833,5.878333205146853,77,411
71,5,0.0,1.054878830909729,0.0,0.11654144525527954,0.0,0.0,63,418
71,6,-0.13185985386371613,1.046605110168457,7.846709935456497e-15,0.11654144525527954,-7.180756017390684,4.2619433046559736e-13,63,418
71,7,-0.06592992693185806,1.04671049118042,0.11322465538978577,-0.07769429683685303,-3.6041701648883375,6.161670701199109,138,401
71,8,-0.06592992693185806,1.036840558052063,0.18271379172801971,-0.038847148418426514,-3.6383873957394868,9.9744099768308,196,445
72,0,0.03955795615911484,1.2602145671844482,0.11261634528636932,0.0,1.7979160235880198,5.104048260246683,157,424
72,1,0.0,1.2525520324707031,0.18303357064723969,0.038847148418426514,0.0,8.313704844867688,189,481
72,2,0.0,1.2533867359161377,0.17722754180431366,0.07769429683685303,0.0,8.048207178152742,154,431
72,3,0.03955795615911484,1.164689064025879,0.4942897856235504,0.11654144525527954,1.9452685512601398,22.984314942790668,63,426
72,4,0.0,1.2552974224090576,0.16314467787742615,-0.07769429683685303,0.0,7.404937785840595,109,416
72,5,0.35602161288261414,1.024622917175293,-0.652521550655365,-0.07769429683685303,19.16060051463049,-31.02948185250758,109,416
72,6,-0.03955795615911484,1.2419369220733643,0.24169355630874634,-0.038847148418426514,-1.8243582885179184,11.007244279390841,190,442
73,0,0.03296496346592903,1.0300774574279785,0.22499580681324005,0.0,1.8329775797132797,12.315263534119458,198,399
73,1,0.03296496346592903,1.0309077501296997,0.22116023302078247,0.038847148418426514,1.8315023061317743,12.102113698050271,204,476
73,2,0.03296496346592903,1.0244108438491821,0.24952977895736694,0.07769429683685303,1.8431098731857958,13.682906333581277,165,431
73,3,0.0,1.054878830909729,0.0,-0.11654144525527954,0.0,0.0,63,404
73,4,0.0,1.25199294090271,-0.1868194043636322,-0.07769429683685303,0.0,-8.486919825176399,118,408
73,5,0.0,1.0433274507522583,0.15568283200263977,-0.038847148418426514,0.0,8.486919558344967,187,450
74,0,0.09889489412307739,1.010860800743103,0.2848677635192871,0.0,5.58759977762818,15.667114038423069,193,397
74,1,-0.06592992693185806,1.0421456098556519,-0.14951612055301666,0.038847148418426514,-3.619915524172736,-8.148413313394808,188,463
74,2,0.16482481360435486,0.9939718842506409,0.3124453127384186,0.07769429683685303,9.415363019110831,17.228951062885788,137,429
74,3,-0.06592992693185806,1.0431487560272217,-0.142349511384964,0.07769429683685303,-3.616443667715167,-7.755378132872399,137,429
74,4,0.0,1.039154052734375,-0.1814611703157425,-0.07769429683685303,0.0,-9.905337543016277,124,411
74,5,0.0,1.0493319034576416,-0.10803687572479248,-0.038847148418426514,0.0,-5.87833354139408,206,426
75,0,0.07911591231822968,1.2076752185821533,0.37101098895072937,0.0,3.7481433009507628,17.043119242599406,166,402
75,1,0.03955795615911484,1.236451268196106,0.2683493196964264,0.038847148418426514,1.8324467513795524,12.239033848637533,201,472
75,2,0.03955795615911484,1.2185245752334595,0.3406183123588562,0.07769429683685303,1.859386559403186,15.609630508368419,160,434
75,3,0.0,1.2658545970916748,0.0,-0.11654144525527954,0.0,0.0,78,394
75,4,0.11867386847734451,1.2377279996871948,0.23734773695468903,-0.11654144525527954,5.476800960936588,10.806922288183708,78,394
75,5,0.06592992693185806,1.0462650060653687,0.11726998537778854,-0.07769429683685303,3.605700722854671,6.382716115038215,136,409
75,6,0.07911591231822968,1.2523199319839478,0.16680359840393066,-0.038847148418426514,3.614884290558242,7.571974057103145,221,423
76,0,0.026371970772743225,0.8362855315208435,0.11001551151275635,0.0,1.8062037449806254,7.490690833013208,176,398
76,1,0.03296496346592903,1.053909420967102,0.030943019315600395,0.038847148418426514,1.7915559384823567,1.6809123505918993,232,443
76,2,0.03296496346592903,1.0543618202209473,0.0019175076158717275,0.07769429683685303,1.7907877290288077,0.10414955501374581,173,415
76,3,0.0,1.0516667366027832,-0.08225853741168976,0.11654144525527954,0.0,-4.472415605793834,74,412
76,4,0.0,1.2633533477783203,-0.07953739166259766,-0.07769429683685303,0.0,-3.6024364739007844,142,412
76,5,0.0,1.2650827169418335,-0.04419787600636482,-0.038847148418426514,0.0,-2.0009143844312116,214,438
77,0,0.19778978824615479,1.0358961820602417,-0.023822980001568794,0.0,10.809713961386963,-1.2940560497800393,78,386
77,1,-0.23075474798679352,0.9200709462165833,-0.46150949597358704,0.0,-14.079431641013068,-25.94448066836911,78,386
77,2,0.0,1.2652840614318848,0.03800230100750923,0.038847148418426514,0.0,1.720338668153865,182,441
77,3,0.0,1.2608779668807983,0.11213640123605728,0.07769429683685303,0.0,5.082239000881916,107,417
77,4,-0.11867386847734451,1.2522295713424683,0.14221613109111786,0.07769429683685303,-5.413755325926585,6.45068074730294,107,417
77,5,0.0,1.2620000839233398,0.09871024638414383,-0.07769429683685303,0.0,4.472415673034881,129,404
77,6,0.03955795615911484,1.264519453048706,0.042585957795381546,-0.038847148418426514,1.7917992577817212,1.9279119139995298,199,426
78,0,0.06592992693185806,1.0350916385650635,0.1923747956752777,0.0,3.6445183608724796,10.507644384417112,243,437
78,1,0.11867386847734451,1.2382233142852783,0.2347497045993805,0.038847148418426514,5.474623441713299,10.687229840434785,241,505
78,2,0.11867386847734451,1.2350760698318481,0.2507818937301636,0.07769429683685303,5.488488904059865,11.426617236426893,232,438
78,3,0.07911591231822968,1.253431797027588,0.15823182463645935,0.11654144525527954,3.6116861746512954,7.180755684403435,150,409
78,4,0.0,1.2591983079910278,0.1296442449092865,0.15538859367370605,0.0,5.878333162505145,81,403
78,5,0.03955795615911484,1.236972689628601,0.2659353017807007,-0.11654144525527954,1.831674845892223,12.127252018709859,82,405
78,6,0.11867386847734451,1.2503600120544434,0.15781034529209137,-0.11654144525527954,5.4218018629776354,7.161528409646862,82,405
78,7,0.07911591231822968,1.2394983768463135,0.24448415637016296,-0.07769429683685303,3.6521765006417177,11.135948918249483,182,405
78,8,0.07911591231822968,1.2452300786972046,0.21337880194187164,-0.038847148418426514,3.6354109887674246,9.704396831659826,226,458
79,0,0.07911591231822968,1.2540725469589233,0.15307052433490753,0.0,3.609845717400187,6.945355763572068,246,531
79,1,0.03955795615911484,1.2571685314178467,0.1426541805267334,0.038847148418426514,1.8022693850955185,6.470634796250483,271,567
79,2,0.06592992693185806,1.0323481559753418,0.20659133791923523,0.07769429683685303,3.6541775218239616,11.294011927449477,267,547
79,3,0.09889489412307739,0.9915895462036133,0.34603381156921387,0.11654144525527954,5.6954859364258725,19.149357107829456,231,486
79,4,0.0,1.245611548423767,0.2254764437675476,0.15538859367370605,0.0,10.26038603415548,170,462
79,5,0.0,1.2654647827148438,0.031415410339832306,0.19423574209213257,0.0,1.4220868248058243,165,445
79,6,0.0,1.2648625373840332,0.05010686069726944,0.23308289051055908,0.0,2.2685558261062915,144,416
79,7,-0.03955795615911484,1.2627604007720947,-0.07911591231822968,0.3107771873474121,-1.794293642052232,-3.583321558972172,71,406
79,8,-0.03955795615911484,1.2606438398361206,0.10770349204540253,0.3496243357658386,-1.7973042013853568,4.8808335382402,106,398
79,9,0.0,1.2650691270828247,-0.04458755999803543,0.38847148418426514,0.0,-2.0185631893740394,131,396
79,10,0.0,1.2654112577438354,-0.03350043296813965,0.42731863260269165,0.0,-1.5164913188877005,113,405
79,11,-0.07911591231822968,1.253431797027588,-0.15823182463645935,0.46616578102111816,-3.6116861746512954,-7.180755684403435,74,397
79,12,-0.18460379540920258,0.8233609199523926,-0.013062885962426662,-0.46616578102111816,-12.637163986796171,-0.8869242761580559,92,394
79,13,-0.15823182463645935,0.82790207862854,-0.0413920059800148,-0.42731863260269165,-10.820102040937206,-2.811388124325183,163,394
79,14,-0.15823182463645935,0.8281863331794739,-0.03524874150753021,-0.38847148418426514,-10.816475931206433,-2.3938671468582604,216,399
79,15,-0.15823182463645935,0.8280653357505798,-0.037985701113939285,-0.3496243357658386,-10.81801914836329,-2.579864901400143,256,394
79,16,-0.15823182463645935,0.8274993896484375,-0.048783425241708755,-0.3107771873474121,-10.825243080388152,-3.3139391893724506,220,423
79,17,-0.1054878830909729,0.8372578620910645,-0.006631311494857073,-0.2719300389289856,-7.180978597463799,-0.45022951614331225,164,442
79,18,-0.1054878830909729,0.8314232230186462,-0.0988943874835968,-0.23308289051055908,-7.230840660096873,-6.729778532084309,175,447
79,19,-0.07911591231822968,0.8300288915634155,-0.13025018572807312,-0.19423574209213257,-5.444815591386165,-8.878670604506818,174,448
79,20,-0.07911591231822968,0.8322407007217407,-0.11527552455663681,-0.15538859367370605,-5.4304317644135285,-7.851038474400382,131,458
79,21,0.0,1.257330060005188,-0.1466595083475113,-0.11654144525527954,0.0,-6.653121343747667,86,476
79,22,-0.07911591231822968,1.2430412769317627,-0.2257806807756424,-0.11654144525527954,-3.6417951681141005,-10.27438033692576,86,476
79,23,0.0,2.109757661819458,0.0,-0.11654144525527954,0.0,0.0,87,446
79,24,0.0,1.2633646726608276,-0.07935759425163269,-0.07769429683685303,0.0,-3.594282261289419,147,515
79,25,0.03955795615911484,1.2623594999313354,-0.08527416735887527,-0.038847148418426514,1.7948631021716228,-3.862649456818496,188,535
80,0,0.11867386847734451,1.2535576820373535,0.12999019026756287,0.0,5.40805362178966,5.8940749071753915,284,512
80,1,0.11867386847734451,1.2550581693649292,0.11460120230913162,0.038847148418426514,5.401626277863744,5.194252092386126,284,561
80,2,0.11867386847734451,1.2479145526885986,0.17610687017440796,0.07769429683685303,5.432363128010772,7.99698156493877,302,528
80,3,0.09889489412307739,1.0143518447875977,0.2721758186817169,0.11654144525527954,5.56849028897225,14.952381164942999,279,498
80,4,0.03296496346592903,1.026737093925476,0.23977820575237274,0.11654144525527954,1.8389368601306582,13.138400380104953,279,498
80,5,-0.03955795615911484,1.2652056217193604,0.008814721368253231,0.15538859367370605,-1.790828130485774,0.3989798082446065,235,464
80,6,0.0,1.2548459768295288,0.16658200323581696,0.19423574209213257,0.0,7.561855967100071,205,473
80,7,-0.11867386847734451,1.2334067821502686,0.2588670253753662,0.23308289051055908,-5.495871553437123,11.800219826447256,142,430
80,8,0.0,1.2484514713287354,0.20918165147304535,0.2719300389289856,0.0,9.51171959131598,115,427
80,9,0.0,2.271527051925659,0.47536227107048035,0.2719300389289856,0.0,11.81970924037589,64,408
80,10,0.0,1.2620000839233398,0.09871024638414383,0.3107771873474121,0.0,4.472415673034881,62,437
80,11,0.0,1.2654112577438354,0.03350043296813965,0.3496243357658386,0.0,1.5164913188877005,88,429
80,12,0.0,1.2650691270828247,0.04458755999803543,0.38847148418426514,0.0,2.0185631893740394,140,411
80,13,0.0,1.2641043663024902,-0.06654402613639832,0.42731863260269165,0.0,-3.013339732956509,153,414
80,14,0.0,1.2658231258392334,-0.008924294263124466,0.46616578102111816,0.0,-0.4039394722567054,198,416
80,15,0.0,1.2657899856567383,-0.012787261977791786,0.5050129294395447,0.0,-0.5787936623938719,165,421
80,16,0.0,1.2649506330490112,-0.04783042147755623,0.5438600778579712,0.0,-2.1654412928449065,153,428
80,17,0.0,1.2650691270828247,-0.04458755999803543,0.5827072262763977,0.0,-2.0185631893740394,152,423
80,18,0.03955795615911484,1.2650058269500732,0.02415466122329235,0.6215543746948242,1.791110789306208,1.0933673414610277,142,415
80,19,0.0,1.2591983079910278,-0.1296442449092865,1.0100258588790894,0.0,-5.878333162505145,62,394
80,20,-0.3164636492729187,1.2256584167480469,1.8832103845095594e-14,-1.0877201557159424,-14.477512503083895,8.523886513613167e-13,60,400
80,21,-0.23075474798679352,1.0254101753234863,-0.08975290507078171,-1.048872947692871,-12.682375668605172,-4.88083308261526,88,400
80,22,-0.09889489412307739,1.0502328872680664,-0.00035123052657581866,-1.048872947692871,-5.379379273992476,-0.019077097551652857,88,400
80,23,-0.16482481360435486,1.018081545829773,-0.22161276638507843,-1.0100258588790894,-9.196248069790954,-12.127252127198071,77,400
80,24,-0.16482481360435486,1.018081545829773,-0.22161276638507843,-1.0100258588790894,-9.196248069790954,-12.127252127198071,77,400
80,25,-0.11867386847734451,0.6171823143959045,-0.07483002543449402,-0.8157901167869568,-10.884180791899798,-6.789872961184473,171,415
80,26,-0.11867386847734451,0.6175611019134521,-0.07163628935813904,-0.7769429683685303,-10.877664176600355,-6.498805144946014,216,410
80,27,-0.11867386847734451,0.6174224019050598,-0.07282211631536484,-0.7380958199501038,-10.880049460195032,-6.606858032229773,218,409
80,28,-0.1054878830909729,0.8370492458343506,-0.01982988603413105,-0.6992486715316772,-7.182749609745744,-1.3464501174240535,188,412
80,29,-0.13185985386371613,0.8331014513969421,-0.026969969272613525,-0.6604015231132507,-8.993931304925784,-1.8314052808662016,266,415
80,30,-0.18460379540920258,0.8230082392692566,0.02740907296538353,-0.5827072262763977,-12.64240531094396,1.8612332436365493,174,419
80,31,-0.11867386847734451,0.6216979026794434,-0.002280166372656822,-0.5438600778579712,-10.806993817259837,-0.20641263581047234,176,413
80,32,-0.15823182463645935,0.826923131942749,0.05773420259356499,-0.46616578102111816,-10.832608434665596,3.92285802995786,206,418
80,33,-0.13185985386371613,0.8315399289131165,0.05767732486128807,-0.42731863260269165,-9.010543879494062,3.9189875081421923,161,415
80,34,-0.19778978824615479,0.9098471999168396,-0.49580904841423035,-0.2719300389289856,-12.264588459362864,-28.035281112246366,76,481
80,35,-0.09889489412307739,1.0001024007797241,-0.32059982419013977,-0.2719300389289856,-5.647320764683325,-17.693260925923997,76,481
80,36,0.0,1.2541991472244263,-0.17138348519802094,-0.23308289051055908,0.0,-7.781146474160833,100,488
80,37,-0.11867386847734451,1.2602592706680298,0.007139400579035282,-0.19423574209213257,-5.379464764588292,0.3231490316065681,124,475
80,38,0.0,1.2584505081176758,0.13671255111694336,-0.15538859367370605,0.0,6.200048456789659,161,462
80,39,-0.07911591231822968,1.2616291046142578,0.06648804992437363,-0.15538859367370605,-3.588281120397781,3.010802575183108,161,462
80,40,-0.03955795615911484,1.2649366855621338,-0.027536705136299133,-0.11654144525527954,-1.7912086275742685,-1.2464791950017409,150,493
80,41,-0.14504584670066833,2.2861547470092773,0.3718355596065521,-0.11654144525527954,-3.630283963215911,9.219857495898998,78,469
80,42,0.0,1.26127290725708,-0.10760358721017838,-0.07769429683685303,0.0,-4.876294977727339,139,515
80,43,-0.14504584670066833,2.2844860553741455,0.38195428252220154,-0.07769429683685303,-3.632928587313982,9.473036079254062,64,498
80,44,0.0,1.2628639936447144,0.08696241676807404,-0.038847148418426514,0.0,3.9392414627959367,188,519
81,0,0.11867386847734451,1.2551312446594238,0.11379823088645935,0.0,5.401313648478766,5.1577587098835,305,508
81,1,0.09889489412307739,1.041569709777832,0.13461695611476898,0.07769429683685303,5.423856122907605,7.331716828290163,302,524
81,2,0.03955795615911484,1.2554322481155396,0.15720389783382416,0.11654144525527954,1.8047603058231798,7.133863459782719,213,501
81,3,0.0,1.2409565448760986,0.24982939660549164,0.15538859367370605,0.0,11.38263666781508,220,497
81,4,0.0,1.042892336845398,0.15857116878032684,0.19423574209213257,0.0,8.64556985327035,166,489
81,5,-0.36261463165283203,1.8842008113861084,-1.3054126501083374,0.19423574209213257,-10.893395143419777,-34.228867044666885,82,441
81,6,0.0,1.246498703956604,0.2205195128917694,0.23308289051055908,0.0,10.032457662566221,183,444
81,7,0.07911591231822968,1.2633789777755737,0.001426492352038622,0.2719300389289856,3.5833240446292014,0.06456666532932873,190,441
81,8,-0.11867386847734451,0.6027950644493103,0.15215662121772766,0.3107771873474121,-11.137537676339969,13.910232837880562,107,456
81,9,0.23734773695468903,0.9839267134666443,-0.7602251172065735,0.3107771873474121,13.562080397984516,-36.91021103127601,179,430
81,10,-0.13845284283161163,0.5916848182678223,0.17702223360538483,0.3496243357658386,-13.170112955559045,16.241590039363444,98,459
81,11,0.19778978824615479,1.2211846113204956,-0.2682817280292511,0.3496243357658386,9.200047565927765,-12.235904071276071,115,450
81,12,-0.09889489412307739,0.6100371479988098,0.1366434395313263,0.38847148418426514,-9.208276606867729,12.467818035225942,131,452
81,13,-0.11867386847734451,0.5981355309486389,0.1695505827665329,0.42731863260269165,-11.22210636842614,15.538342288705268,167,438
81,14,-0.09889489412307739,0.597415030002594,0.18415223062038422,0.46616578102111816,-9.3993911249274,16.915032148080822,171,428
81,15,-0.059336934238672256,0.6047638058662415,0.17702223360538483,0.5050129294395447,-5.603690150134363,16.241589647835184,110,433
81,16,-0.13185985386371613,0.7953604459762573,0.24937351047992706,0.5438600778579712,-9.413236390950592,17.18753268614101,140,410
81,17,-0.1054878830909729,0.7908098697662354,0.2750716209411621,0.5827072262763977,-7.597958301730214,19.02324275346541,168,412
81,18,-0.13185985386371613,0.7676334977149963,0.3248448967933655,0.6215543746948242,-9.7468313928702,22.639489034122914,150,423
81,19,-0.07911591231822968,0.6077008843421936,0.15823182463645935,0.6604015231132507,-7.417555427100588,14.477511510134752,63,451
81,20,-0.15823182463645935,1.230808973312378,0.24991963803768158,0.6992486715316772,-7.325717767149973,11.386803237296473,116,439
81,21,-0.15823182463645935,1.255597472190857,0.02873220480978489,0.7380958199501038,-7.18261599451921,1.3006039274890822,126,433
81,22,0.0,1.2434844970703125,-0.23692627251148224,0.7769429683685303,0.0,-10.787502897511425,116,428
81,23,0.07911591231822968,1.2243629693984985,-0.3115507960319519,0.7769429683685303,3.6971997450861434,-14.247969253910327,116,428
81,24,-0.09889489412307739,0.5848483443260193,0.22083748877048492,0.8157901167869568,-9.597638082133201,20.420932788800933,93,447
81,25,0.0,1.4764755964279175,-0.032368727028369904,0.8157901167869568,0.0,-1.2558923584172421,148,414
81,26,-0.09889489412307739,0.5784313082695007,0.23713700473308563,0.8546372652053833,-9.702099983767095,22.00373691083419,107,422
81,27,0.0,1.4715169668197632,0.12516234815120697,0.8546372652053833,0.0,4.861687153957323,112,405
81,28,0.0,1.262784481048584,0.08810915797948837,0.8934844136238098,0.0,3.9912704923949645,95,409
81,29,0.0,1.2658545970916748,0.0,0.9323315620422363,0.0,0.0,81,415
81,30,-0.11867386847734451,1.2577937841415405,0.07911591231822968,0.9323315620422363,-5.389947376245126,3.5833215266937097,81,415
81,31,0.0,1.0542242527008057,0.037156298756599426,0.9711787104606628,0.0,2.018563159980424,83,432
81,32,0.0,1.0534862279891968,-0.054186269640922546,1.0100258588790894,0.0,-2.944424858853846,135,421
81,33,0.0,0.8434486389160156,-0.027690058574080467,1.048872947692871,0.0,-1.8803206417339031,126,416
81,34,-0.05274394154548645,0.839862048625946,0.06342107057571411,1.0877201557159424,-3.593497014324626,4.309960406780375,97,419
81,35,0.03296496346592903,1.0209405422210693,0.26336848735809326,1.1265673637390137,1.8493704856759172,14.45781162256135,68,409
81,36,-0.09889489412307739,1.0463907718658447,-0.08975290507078171,1.1265673637390137,-5.399014660135044,-4.880832937180357,68,409
81,37,0.0,1.036237120628357,0.1974385529756546,1.1654144525527954,0.0,10.787502096024374,64,412
81,38,-0.06592992693185806,1.0127891302108765,0.2875426709651947,1.1654144525527954,-3.724550385530364,15.818064105112805,64,412
81,39,0.0,1.054878830909729,0.0,1.2042615413665771,0.0,0.0,92,412
81,40,0.0,1.2658545970916748,0.0,1.2431087493896484,0.0,0.0,64,407
81,41,0.11867386847734451,1.2428691387176514,-0.20876015722751617,1.2431087493896484,5.454283026452994,-9.4923764606576,64,407
81,42,0.0,1.054878830909729,0.0,1.748121738433838,0.0,0.0,72,397
81,43,0.03296496346592903,1.0308105945587158,0.22161276638507843,1.9423574209213257,1.831674810611911,12.127252583410478,61,387
81,44,-0.13185985386371613,1.0128347873687744,0.26371970772743225,1.9423574209213257,-7.4175555709862815,14.477511777662764,61,387
81,45,0.03955795615911484,1.181455135345459,0.4527547061443329,-0.9711787104606628,1.917683936808587,20.957001317978545,75,401
81,46,0.23734773695468903,1.1492249965667725,0.47469547390937805,-0.9711787104606628,11.669146600545055,22.02431305788535,75,401
81,47,0.03955795615911484,1.201806902885437,0.39557957649230957,-0.9323315620422363,1.88523292297383,18.209957571128275,114,408
81,48,0.07911591231822968,1.2017946243286133,0.3896387815475464,-0.8934844136238098,3.7664309684106336,17.927112861940156,121,405
81,49,0.09230189770460129,1.3659433126449585,0.5538113713264465,-0.8546372652053833,3.865813197890004,22.024312840047173,93,408
81,50,-0.16482481360435486,1.0398343801498413,-0.06592992693185806,-0.8157901167869568,-9.007053661022887,-3.583321437062192,63,397
81,51,0.09230189770460129,1.3659433126449585,0.5538113713264465,-0.7769429683685303,3.865813197890004,22.024312840047173,82,394
81,52,0.07911591231822968,1.230144739151001,0.28787606954574585,-0.7380958199501038,3.6798704967782325,13.145010053337872,64,406
81,53,0.15823182463645935,1.241953730583191,0.1868194043636322,-0.7380958199501038,7.2606845744949196,8.486919678004455,64,406
81,54,0.0,1.2591983079910278,0.1296442449092865,-0.6604015231132507,0.0,5.878333162505145,71,405
81,55,0.0,1.25199294090271,0.1868194043636322,-0.5827072262763977,0.0,8.486919825176399,76,402
81,56,0.0,1.2633533477783203,0.07953739166259766,-0.5438600778579712,0.0,3.6024364739007844,95,405
81,57,0.07911591231822968,1.2593315839767456,0.10105667263269424,-0.5438600778579712,3.594810418510692,4.578953201633222,95,405
81,58,0.0,1.2658545970916748,0.0,-0.5050129294395447,0.0,0.0,100,401
81,59,-0.19778978824615479,1.2216978073120117,-0.2659353017807007,-0.46616578102111816,-9.196248967388101,-12.12725176537954,105,384
81,60,0.27690568566322327,1.2121787071228027,0.23734773695468903,-0.46616578102111816,12.86764647742626,10.806922668748944,105,384
81,61,0.0,1.2582862377166748,0.1382160186767578,-0.42731863260269165,0.0,6.268504190486948,139,399
81,62,-0.11867386847734451,1.260177731513977,0.016015686094760895,-0.38847148418426514,-5.379810797931119,0.7249297773965254,154,412
81,63,-0.11867386847734451,1.2554669380187988,-0.1100325658917427,-0.3496243357658386,-5.399877954761939,-4.986645191512211,158,423
81,64,-0.11867386847734451,1.2556688785552979,-0.10770349204540253,-0.3107771873474121,-5.399014661775043,-4.880833390427657,164,420
81,65,-0.11867386847734451,1.2592661380767822,-0.05052833631634712,-0.2719300389289856,-5.383682414154553,-2.2876480597619353,138,414
81,66,-0.11867386847734451,1.2602124214172363,0.013004686683416367,-0.23308289051055908,-5.379663576566661,0.588635336900855,189,415
81,67,-0.03955795615911484,1.2650846242904663,0.019594328477978706,-0.23308289051055908,-1.7909993004442224,0.8869242646331009,189,415
81,68,0.0,1.2656404972076416,0.02328428067266941,-0.19423574209213257,0.0,1.053964799055603,164,423
81,69,0.0,1.2495696544647217,0.20239470899105072,-0.15538859367370605,0.0,9.200383684863459,126,441
81,70,0.0,2.5317091941833496,0.0,-0.15538859367370605,0.0,0.0,70,412
81,71,0.0,1.264479398727417,0.058988794684410095,-0.11654144525527954,0.0,2.6709493012959995,200,455
81,72,-0.07252292335033417,2.311180591583252,0.19745640456676483,-0.11654144525527954,-1.7973041238014549,4.880833140226356,93,418
81,73,-0.11867386847734451,1.2496408224105835,-0.16340816020965576,-0.07769429683685303,-5.42490359255818,-7.416963904840202,183,476
81,74,0.19778978824615479,0.7881911993026733,0.672609269618988,-0.038847148418426514,14.086996626809356,39.61439472930731,152,536
81,75,-0.23075474798679352,0.9660334587097168,-0.3553883135318756,-0.038847148418426514,-13.434406165580182,-19.68809733989093,152,536
82,0,0.03955795615911484,1.247606635093689,0.2104775458574295,0.038847148418426514,1.81607310843463,9.571198159231985,189,525
82,1,0.03955795615911484,1.2479665279388428,0.2083328664302826,0.07769429683685303,1.8155497336325919,9.472768615339534,187,504
82,2,0.03955795615911484,1.2518112659454346,0.18382471799850464,0.11654144525527954,1.8099772778503074,8.349896358989279,180,486
82,3,0.03955795615911484,1.2395340204238892,0.2537289261817932,0.15538859367370605,1.827892505787267,11.562738109238843,93,477
82,4,0.0,1.255366563796997,0.1626119315624237,0.19423574209213257,0.0,7.380622109470969,146,467
82,5,0.0,1.2658545970916748,0.0,0.23308289051055908,0.0,0.0,111,442
82,6,0.11867386847734451,1.2377279996871948,0.23734773695468903,0.3107771873474121,5.476800960936588,10.806922288183708,124,431
82,7,0.11867386847734451,1.2556688785552979,0.10770349204540253,0.3496243357658386,5.399014661775043,4.880833390427657,105,429
82,8,-0.11867386847734451,1.172495722770691,0.4621236026287079,0.38847148418426514,-5.779496102199689,21.4117961364221,97,418
82,9,0.0,1.239014744758606,0.259288489818573,0.42731863260269165,0.0,11.819708380612495,76,414
82,10,0.0,1.2633533477783203,-0.07953739166259766,0.46616578102111816,0.0,-3.6024364739007844,105,416
82,11,-0.03955795615911484,1.2526774406433105,-0.1778261512517929,0.6215543746948242,-1.8087265849345435,-8.075572628122252,91,401
82,12,0.0,1.0213819742202759,0.26371970772743225,0.6604015231132507,0.0,14.477513042655318,62,417
82,13,0.0,1.239014744758606,-0.259288489818573,0.7380958199501038,0.0,-11.819708380612495,123,413
82,14,-0.11867386847734451,1.2481755018234253,-0.17424750328063965,0.7769429683685303,-5.431234205899822,-7.912004494417679,139,415
82,15,-0.13185985386371613,0.9246646761894226,0.49028313159942627,0.8157901167869568,-8.115825516793462,27.695773460711358,100,428
82,16,0.0,0.7589898109436035,0.36892661452293396,1.048872947692871,0.0,25.923267177616623,101,412
82,17,-0.07911591231822968,0.7728682160377502,0.32952651381492615,1.0877201557159424,-5.844816628952654,22.984314944704312,60,426
82,18,-0.026371970772743225,0.7644851803779602,0.3564257025718689,1.1265673637390137,-1.9757134949494346,24.98328545869724,172,415
82,19,-0.05274394154548645,0.7697819471359253,0.3417985141277313,1.1654144525527954,-3.919667615527268,23.892446728000994,195,418
82,20,0.0,0.766057014465332,0.3540184497833252,1.2042615413665771,0.0,24.803107235789064,206,416
82,21,-0.026371970772743225,0.771385133266449,0.341235876083374,1.2431087493896484,-1.958054779480199,23.850673008153258,247,407
82,22,-0.026371970772743225,0.7670924663543701,0.3507792353630066,1.2819559574127197,-1.9690034976072093,24.56107201060846,258,414
82,23,-0.026371970772743225,0.769585907459259,0.3452744781970978,1.3208030462265015,-1.962628967619154,24.150820216202824,276,404
82,24,-0.026371970772743225,0.7651567459106445,0.35498178005218506,1.3596501350402832,-1.9739808160594643,24.875179059249287,276,405
82,25,0.0,0.765723705291748,0.354738712310791,1.3984973430633545,0.0,24.85699083791249,259,414
82,26,0.0,0.7647057175636292,0.35692787170410156,1.4373445510864258,0.0,25.020905101117854,254,412
82,27,-0.026371970772743225,0.7609610557556152,0.36388900876045227,1.4761916399002075,-1.984856018270499,25.543588647617536,240,413
82,28,-0.026371970772743225,0.7548180818557739,0.37646591663360596,1.5150387287139893,-2.000996393075165,26.493795164472377,218,420
82,29,-0.026371970772743225,0.7501200437545776,0.3857419490814209,1.5538859367370605,-2.0135184465720695,27.19966412336374,209,423
82,30,0.0,0.7550526261329651,0.3769189715385437,1.5927331447601318,0.0,26.528169750302254,212,415
82,31,0.0,0.7437400817871094,0.39877697825431824,1.6315802335739136,0.0,28.199224890650644,210,414
82,32,-0.026371970772743225,0.739168107509613,0.40633416175842285,1.6704273223876953,-2.0433267795797843,28.783014402197356,204,407
82,33,0.0,0.7449855208396912,0.3964453637599945,1.7092745304107666,0.0,28.019754608276063,184,413
82,34,0.0,0.7334364652633667,0.41742461919784546,1.748121738433838,0.0,29.645734192167282,208,414
82,35,0.0,0.7285466194152832,0.4259015917778015,1.7869688272476196,0.0,30.310159974741026,219,409
82,36,0.0,0.728100597858429,0.42666372656822205,1.8258159160614014,0.0,30.37011387416917,200,387
82,37,0.0,0.719789981842041,0.44053924083709717,1.903510332107544,0.0,31.468240562141563,170,410
82,38,0.0,0.7070723176002502,0.4606746435165405,1.9423574209213257,0.0,33.08521222152745,150,421
82,39,0.0,0.7308414578437805,0.4219515323638916,1.9812045097351074,0.0,30.000001206874515,102,405
82,40,0.03296496346592903,0.9705742597579956,0.4119081497192383,2.05889892578125,1.9452684716797888,22.98431385214305,96,401
82,41,0.05274394154548645,0.7805390954017639,0.3164636492729187,2.097745895385742,3.865812903578347,22.02431186187994,67,412
82,42,-0.026371970772743225,0.7946782112121582,0.2827780842781067,2.097745895385742,-1.9007043155822136,19.57762220820855,67,412
82,43,0.0,0.9135518670082092,0.5274394154548645,2.1365931034088135,0.0,29.999999992838863,75,396
82,44,0.0,1.054878830909729,0.0,2.2531347274780273,0.0,0.0,63,400
82,45,0.07911591231822968,0.7637463808059692,-0.3501492142677307,-2.369676113128662,5.914132522185782,-24.514052279732276,65,407
82,46,0.1054878830909729,0.7231884598731995,-0.4219515323638916,-2.330828905105591,8.298921429626516,-30.000001079846502,67,412
82,47,0.0,0.7897610068321228,-0.29740527272224426,-2.2919816970825195,0.0,-20.63518442454946,64,418
82,48,0.05274394154548645,0.7639785408973694,-0.35458043217658997,-2.2531347274780273,3.949348697645783,-24.845146679524657,73,411
82,49,0.026371970772743225,0.7583947777748108,-0.36920759081840515,-2.214287519454956,1.9915670314382745,-25.944480149220546,91,404
82,50,0.07911591231822968,0.8212680816650391,-0.17729021608829498,-2.1754403114318848,5.502543100966237,-12.12725277851659,90,402
82,51,-0.26371970772743225,0.6036820411682129,0.5274394154548645,-2.1754403114318848,-23.598207505017108,38.68218603579026,90,402
82,52,0.1054878830909729,1.671242356300354,0.2109757661819458,-1.748121738433838,3.611686260297547,7.1807558526846025,73,395
82,53,0.03955795615911484,1.236972689628601,0.2659353017807007,-1.2042615413665771,1.831674845892223,12.127252018709859,61,403
82,54,0.07911591231822968,1.230144739151001,0.28787606954574585,-1.1654144525527954,3.6798704967782325,13.145010053337872,77,400
82,55,0.0,1.2256584167480469,0.3164636492729187,-1.0100258588790894,0.0,14.477512503083895,63,404
82,56,0.07911591231822968,1.230144739151001,0.28787606954574585,-0.9323315620422363,3.6798704967782325,13.145010053337872,79,402
82,57,0.23734773695468903,1.2096203565597534,0.28787606954574585,-0.9323315620422363,11.101352746151706,13.145010268785095,79,402
82,58,0.11867386847734451,1.132076621055603,0.5538113713264465,-0.8934844136238098,5.984372428313986,25.94447786000146,79,407
82,59,0.0,1.2484514713287354,0.20918165147304535,-0.8157901167869568,0.0,9.51171959131598,86,408
82,60,0.0,1.25199294090271,0.1868194043636322,-0.7769429683685303,0.0,8.486919825176399,81,407
82,61,-0.07911591231822968,1.2630562782287598,-0.028587576001882553,-0.7380958199501038,-3.5842371654809075,-1.2940560331962514,83,412
82,62,0.0,1.2582862377166748,0.1382160186767578,-0.6992486715316772,0.0,6.268504190486948,129,411
82,63,-0.11867386847734451,1.2594754695892334,-0.04500903561711311,-0.6604015231132507,-5.3827928737475075,-2.037652318286623,134,412
82,64,0.0,1.264562726020813,0.057175152003765106,-0.6215543746948242,0.0,2.5887726439612506,167,397
82,65,0.0,1.2618473768234253,0.10064276307821274,-0.5827072262763977,0.0,4.560158937509235,191,388
82,66,-0.03955795615911484,1.2606438398361206,0.10770349204540253,-0.5438600778579712,-1.7973042013853568,4.8808335382402,140,410
82,67,0.0,1.2591983079910278,-0.1296442449092865,-0.5050129294395447,0.0,-5.878333162505145,81,407
82,68,-0.19778978824615479,1.2327555418014526,-0.20876015722751617,-0.5050129294395447,-9.115150146363897,-9.492376929565102,81,407
82,69,-0.15823182463645935,1.2551344633102417,0.04458755999803543,-0.46616578102111816,-7.185237915628189,2.0185632303201206,137,413
82,70,-0.07911591231822968,1.2615814208984375,0.06738697737455368,-0.42731863260269165,-3.5884163914972773,3.051547282592961,168,405
82,71,-0.07911591231822968,1.261258840560913,0.07317513972520828,-0.38847148418426514,-3.5893317680785106,3.3139393226778715,211,404
82,72,0.0,1.2653274536132812,0.03652995452284813,-0.3496243357658386,0.0,1.653667606845927,197,415
82,73,0.0,1.263226866722107,0.08152226358652115,-0.3107771873474121,0.0,3.6924590189543705,171,420
82,74,-0.11867386847734451,1.2594202756881714,-0.046529121696949005,-0.2719300389289856,-5.3830273881243995,-2.1065002035213727,213,434
82,75,-0.03955795615911484,1.2645423412322998,0.04190151393413544,-0.23308289051055908,-1.7917668474019854,1.8969149540195678,240,446
82,76,-0.23734773695468903,2.463804244995117,0.5318706035614014,-0.23308289051055908,-5.502543100966237,12.127251789397862,67,412
82,77,-0.03955795615911484,1.258623719215393,0.12918762862682343,-0.19423574209213257,-1.8001870202605792,5.857556814056468,226,433
82,78,0.03955795615911484,1.2651454210281372,-0.01517273299396038,-0.15538859367370605,1.7909132897755748,-0.6867726768630211,206,461
82,79,0.0,1.265634298324585,-0.023618308827280998,-0.11654144525527954,0.0,-1.0690863604339231,259,478
82,80,0.03955795615911484,1.2620846033096313,0.08924966305494308,-0.07769429683685303,1.7952537883148862,4.0430197647669495,241,536
82,81,-0.3164636492729187,2.4308035373687744,0.6329272985458374,-0.07769429683685303,-7.417555427100588,14.477511510134752,82,489
82,82,0.07911591231822968,1.254136085510254,0.1525494009256363,-0.038847148418426514,3.609663314606416,6.921594412894204,206,562
82,83,-0.23734773695468903,2.229490041732788,1.175836443901062,-0.038847148418426514,-6.076724115359185,27.67422745377111,108,497
83,0,0.07911591231822968,1.251896858215332,0.16994914412498474,0.0,3.616102686000516,7.715626388615524,303,497
83,1,0.0,2.3183650970458984,-0.104821115732193,0.0,0.0,-2.5887726250627496,79,461
83,2,0.07911591231822968,1.219531774520874,0.3299558162689209,0.038847148418426514,3.7118053969186597,15.109141142919844,148,515
83,3,0.03955795615911484,1.234645962715149,0.27653640508651733,0.07769429683685303,1.835124333407234,12.618495874232364,182,466
83,4,0.0,1.236989974975586,0.2687816321849823,0.11654144525527954,0.0,12.259057881134181,195,451
83,5,0.0,1.2401533126831055,0.25378671288490295,0.15538859367370605,0.0,11.565407337212903,201,455
83,6,0.0,1.2554484605789185,0.16197845339775085,0.19423574209213257,0.0,7.351710665376942,144,448
83,7,0.0,1.2658545970916748,0.0,0.23308289051055908,0.0,0.0,67,441
83,8,0.03955795615911484,1.1862022876739502,0.440167099237442,0.2719300389289856,1.9100151088463175,20.34812378019682,60,446
83,9,-0.07911591231822968,1.253431797027588,0.15823182463645935,0.2719300389289856,-3.6116861746512954,7.180755684403435,60,446
83,10,-0.36261463165283203,2.287635564804077,-0.14504584670066833,0.2719300389289856,-9.007054957403794,-3.5833217195741054,73,421
83,11,-0.13185985386371613,0.985234797000885,0.3531213700771332,0.3107771873474121,-7.62293738319738,19.557375774901356,90,456
83,12,-0.05274394154548645,0.7756227850914001,0.3283287286758423,0.42731863260269165,-3.8902414810291703,22.896007959502818,186,415
83,13,-0.07911591231822968,0.7766861915588379,0.3204241693019867,0.46616578102111816,-5.816282578510315,22.314673233429478,127,418
83,14,-0.19778978824615479,0.8496929407119751,0.593018114566803,0.5050129294395447,-13.103840995206543,34.205795687742565,67,419
83,15,0.0,1.054878830909729,0.0,0.6215543746948242,0.0,0.0,70,399
83,16,0.0,1.2256584167480469,0.3164636492729187,-0.46616578102111816,0.0,14.477512503083895,68,399
83,17,0.03955795615911484,1.201806902885437,0.39557957649230957,-0.42731863260269165,1.88523292297383,18.209957571128275,127,399
83,18,0.03955795615911484,1.2048503160476685,0.38621068000793457,-0.38847148418426514,1.8804743085328028,17.7641065553229,162,403
83,19,0.03955795615911484,1.1998404264450073,0.40150463581085205,-0.3496243357658386,1.8883204871949726,18.49251049343532,164,415
83,20,0.07911591231822968,1.1949119567871094,0.41026103496551514,-0.3107771873474121,3.7880625470746425,18.910939937072534,164,422
83,21,0.11867386847734451,1.188997507095337,0.41783884167671204,-0.2719300389289856,5.699815829691866,19.27389770893424,152,419
83,22,0.03955795615911484,1.2592804431915283,-0.12262015044689178,-0.23308289051055908,1.7992488267783624,-5.558814767777352,158,410
83,23,0.09889489412307739,1.049517273902893,-0.03876408189535141,-0.19423574209213257,5.383025664884514,-2.1059465633642467,151,442
83,24,-0.19778978824615479,1.1926244497299194,0.37538522481918335,-0.15538859367370605,-9.416463078969988,17.25031751525948,123,480
83,25,0.19778978824615479,1.1730682849884033,-0.43264058232307434,-0.15538859367370605,9.570563823086498,-19.98520416697739,123,480
83,26,-0.23075474798679352,1.4131494760513306,-0.361647367477417,-0.11654144525527954,-9.274041906484335,-14.174787868061209,111,519
83,27,0.07911591231822968,1.2602981328964233,0.08818808943033218,-0.07769429683685303,3.5920607045119626,3.9948518466224785,253,556
83,28,0.07911591231822968,1.2556507587432861,0.13953398168087006,-0.038847148418426514,3.605320522015664,6.328520873850522,302,545
83,29,0.07911591231822968,2.5289511680603027,-0.08773775398731232,-0.038847148418426514,1.79186138095259,-1.9860139894415814,68,510
84,0,0.0,1.0339031219482422,0.20931735634803772,0.0,0.0,11.44503964370082,158,523
84,1,-0.03955795615911484,1.2625253200531006,0.08278146386146545,0.038847148418426514,-1.7946275189503778,3.7495742581512546,209,572
84,2,0.0,1.256500005722046,0.15360848605632782,0.07769429683685303,0.0,6.969885986635511,195,557
84,3,0.09889489412307739,1.0488630533218384,0.0536242350935936,0.11654144525527954,5.386363545660962,2.913857894291625,138,477
84,4,-0.03955795615911484,1.2131205797195435,0.35939037799835205,0.15538859367370605,-1.8676635734722364,16.493780814461356,246,427
84,5,-0.03955795615911484,1.2488112449645996,0.203207865357399,0.19423574209213257,-1.8143224861773106,9.237671254792684,213,451
84,6,0.0,1.0510835647583008,0.08940167725086212,0.23308289051055908,0.0,4.861687075564697,182,446
84,7,0.03955795615911484,1.255990982055664,0.15267549455165863,0.2719300389289856,1.8039579796711671,6.927343626905427,122,453
84,8,0.0,1.2620000839233398,0.09871024638414383,0.3107771873474121,0.0,4.472415673034881,109,447
84,9,0.0,1.25199294090271,0.1868194043636322,0.3496243357658386,0.0,8.486919825176399,112,411
84,10,0.0,1.4768303632736206,0.0,0.38847148418426514,0.0,0.0,91,410
84,11,0.0,1.2591983079910278,0.1296442449092865,0.42731863260269165,0.0,5.878333162505145,92,423
84,12,0.0,0.9563385248184204,0.44518089294433594,0.46616578102111816,0.0,24.962239396079056,181,420
84,13,-0.03296496346592903,0.9576050043106079,0.441220223903656,0.5050129294395447,-1.9715934236343087,24.725177937953706,248,410
84,14,-0.03296496346592903,0.9500002861022949,0.4573642909526825,0.5438600778579712,-1.987363352626996,25.694364605187353,248,410
84,15,-0.03296496346592903,0.9251249432563782,0.5057929754257202,0.5827072262763977,-2.0407562387650104,28.651424832460847,234,404
84,16,-0.03296496346592903,0.9075882434844971,0.5366248488426208,0.6215543746948242,-2.0801540466987625,30.57778025257159,201,403
84,17,0.03296496346592903,0.93193119764328,0.4931398630142212,0.6604015231132507,2.025864270506873,27.87115534918653,123,404
84,18,-0.09889489412307739,0.8665460348129272,0.5933693647384644,0.6604015231132507,-6.51073346639184,34.228866335256974,123,404
84,19,0.0,1.25199294090271,0.1868194043636322,-0.46616578102111816,0.0,8.486919825176399,63,410
84,20,0.0,1.2658545970916748,0.0,-0.42731863260269165,0.0,0.0,76,401
84,21,0.0,1.0493319034576416,-0.10803687572479248,-0.3496243357658386,0.0,-5.87833354139408,78,412
84,22,-0.11867386847734451,1.2526308298110962,-0.1386374980211258,-0.3107771873474121,-5.412031422291289,-6.287696678371474,130,409
84,23,0.0,1.2649840116500854,-0.046938374638557434,-0.2719300389289856,0.0,-2.1250367403662063,162,414
84,24,0.0,1.265053153038025,0.045038774609565735,-0.23308289051055908,0.0,2.038999097381322,174,427
84,25,0.03955795615911484,1.2541366815567017,0.16722507774829865,-0.19423574209213257,1.8066234507512269,7.591219773107488,174,422
84,26,0.03955795615911484,1.2638156414031982,0.0599430575966835,-0.15538859367370605,1.7927964494585586,2.714189266027452,135,443
84,27,0.0,1.2653911113739014,-0.03425150364637375,-0.11654144525527954,0.0,-1.5504989046610227,187,468
84,28,0.0,1.2610949277877808,-0.10966959595680237,-0.07769429683685303,0.0,-4.970154115978461,210,510
84,29,0.0,1.2624332904815674,-0.09300627559423447,-0.038847148418426514,0.0,-4.2134957937266915,212,533
85,0,0.07911591231822968,1.2574235200881958,0.12253466993570328,0.0,3.6002509885971343,5.55492706328032,249,520
85,1,0.11867386847734451,1.2493202686309814,0.1658410131931305,0.038847148418426514,5.426287220967181,7.528024273920426,239,565
85,2,0.11867386847734451,1.2138190269470215,0.3390395939350128,0.07769429683685303,5.584003930506622,15.53544989475358,221,535
85,3,0.03296496346592903,1.033306360244751,0.2096676528453827,0.11654144525527954,1.8272537322716802,11.464453587499504,197,502
85,4,0.19778978824615479,0.9876631498336792,0.313321053981781,0.15538859367370605,11.3242761211226,17.278758453712005,76,453
85,5,0.4944744408130646,0.7791213393211365,-0.5111108422279358,0.15538859367370605,32.401520537989185,-28.981088285595945,76,453
85,6,0.0,1.2336161136627197,0.2838646471500397,0.19423574209213257,0.0,12.958628666619894,144,415
85,7,0.03955795615911484,1.201806902885437,0.39557957649230957,0.23308289051055908,1.88523292297383,18.209957571128275,178,409
85,8,0.0,1.2065210342407227,0.383007675409317,0.2719300389289856,0.0,17.61193613726167,136,406
85,9,0.0,1.2620000839233398,0.09871024638414383,0.3107771873474121,0.0,4.472415673034881,86,405
85,10,0.03955795615911484,1.2251286506652832,0.3160421848297119,0.3496243357658386,1.8493704856759172,14.45781162256135,86,399
85,11,0.0,1.4299348592758179,0.36920759081840515,0.42731863260269165,0.0,14.477512117675756,81,400
85,12,0.07911591231822968,1.230144739151001,0.28787606954574585,0.46616578102111816,3.6798704967782325,13.145010053337872,74,412
85,13,0.0,1.242116928100586,0.2439945638179779,0.6215543746948242,0.0,11.113365217276424,117,396
85,14,0.0,1.2256584167480469,0.3164636492729187,0.6604015231132507,0.0,14.477512503083895,107,405
85,15,0.0,0.9135518670082092,0.5274394154548645,-0.15538859367370605,0.0,29.999999992838863,80,406
85,16,-0.09889489412307739,0.9727425575256348,0.39593079686164856,-0.15538859367370605,-5.805090015920825,22.044892109893723,80,406
85,17,-0.03296496346592903,1.047592043876648,0.1193038821220398,-0.07769429683685303,-1.8023525954006125,6.493889238639775,209,427
85,18,0.0,1.0534604787826538,-0.054684605449438095,-0.038847148418426514,0.0,-2.9715280932585935,195,484
86,0,0.03955795615911484,1.2651994228363037,-0.009659900330007076,0.0,1.7908368989892278,-0.4372357747552522,247,528
86,1,0.06592992693185806,1.0514678955078125,0.05327143147587776,0.038847148418426514,3.587905661201452,2.8946708762322104,240,582
86,2,0.09889489412307739,1.0375148057937622,0.16294832527637482,0.07769429683685303,5.444926949780937,8.886124924616357,246,554
86,3,0.03955795615911484,1.080824851989746,-0.6577542424201965,0.11654144525527954,2.0960775630959914,-31.306282292776185,180,487
86,4,0.03955795615911484,1.2624115943908691,0.08449830114841461,0.15538859367370605,1.7947890841033751,3.827452797435374,203,459
86,5,0.0,2.313666820526123,-0.18096879124641418,0.15538859367370605,0.0,-4.472415825855442,87,416
86,6,0.0,1.2633018493652344,0.08035160601139069,0.19423574209213257,0.0,3.639363515732236,281,430
86,7,0.0,1.262784481048584,0.08810915797948837,0.23308289051055908,0.0,3.9912704923949645,274,412
86,8,0.0,1.265834927558899,-0.007068292703479528,0.2719300389289856,0.0,-0.3199304450224332,189,413
86,9,0.0,1.0103822946548462,0.7625715732574463,0.3107771873474121,0.0,37.04315756515646,62,408
86,10,0.0,1.2256584167480469,0.3164636492729187,0.3496243357658386,0.0,14.477512503083895,76,404
86,11,-0.15823182463645935,1.5823395252227783,-0.5655561685562134,-0.5050129294395447,-5.710516857126099,-19.57762248525135,76,402
86,12,-0.06592992693185806,0.9323495626449585,0.4890265464782715,-0.46616578102111816,-4.0448659449598425,27.618716372393738,108,416
86,13,-0.15823182463645935,1.6263870000839233,-0.422513484954834,-0.46616578102111816,-5.556840136926536,-14.497214993211546,93,404
86,14,-0.06592992693185806,0.9044793844223022,0.5388318300247192,-0.42731863260269165,-4.169069498527129,30.717112980351025,182,405
86,15,0.0,0.9474408030509949,0.4638160765171051,-0.38847148418426514,0.0,26.083885107846054,179,419
86,16,-0.46150949597358704,0.7250231504440308,-0.6116533279418945,-0.38847148418426514,-32.47856738597908,-35.43878183022954,179,419
86,17,-0.06592992693185806,0.9444379210472107,0.4652522802352905,-0.3496243357658386,-3.993262147806178,26.17077076969198,220,425
86,18,-0.06592992693185806,0.9289150238037109,0.4955194592475891,-0.3107771873474121,-4.059771379886165,28.017461528489804,192,426
86,19,0.0,0.9679208993911743,0.419402539730072,-0.2719300389289856,0.0,23.427205198828737,104,430
86,20,-0.13845284283161163,1.428951382637024,0.34634754061698914,-0.23308289051055908,-5.534182994591792,13.563381555099259,67,427
86,21,-0.046150948852300644,1.470751166343689,0.12565407156944275,-0.23308289051055908,-1.7973041771216973,4.880833376685978,67,427
86,22,0.03955795615911484,1.2640846967697144,-0.05397213250398636,-0.15538859367370605,1.792415108854436,-2.443655885473315,110,442
86,23,0.11867386847734451,1.1761451959609985,-0.4527547061443329,-0.11654144525527954,5.761683683626842,-20.957001726688677,107,430
86,24,0.03955795615911484,1.2650686502456665,0.020603593438863754,-0.07769429683685303,1.7910219006958636,0.9326118642094369,172,463
86,25,0.03296496346592903,1.053911566734314,0.030870717018842697,-0.038847148418426514,1.791552293246017,1.6769835215992923,188,515
87,0,0.03296496346592903,1.0272842645645142,0.2374228537082672,0.0,1.8379580444594956,13.007066070414615,227,540
87,1,0.03296496346592903,1.0301212072372437,0.224795401096344,0.038847148418426514,1.8328997852576123,12.304122391445743,238,590
87,2,0.06592992693185806,1.031259536743164,0.21195842325687408,0.07769429683685303,3.6580244801789163,11.591437917684143,280,524
87,3,0.06592992693185806,1.0371257066726685,0.18108811974525452,0.11654144525527954,3.637389738993838,9.884768905068826,216,483
87,4,0.0,1.2625900506973267,0.09085278958082199,0.15538859367370605,0.0,4.1157656543866485,269,455
87,5,0.0,1.2635719776153564,0.07598593086004257,0.19423574209213257,0.0,3.441384024212317,264,435
87,6,0.0,1.264902949333191,0.04907575622200966,0.23308289051055908,0.0,2.221849599109722,266,412
87,7,0.0,1.2640279531478882,0.06797922402620316,0.2719300389289856,0.0,3.0783924288671303,232,410
87,8,0.0,1.2574599981307983,0.14554129540920258,0.3107771873474121,0.0,6.602167633870346,137,418
87,9,0.07911591231822968,1.1708085536956787,0.47469547390937805,0.3496243357658386,3.865813197890004,22.024313375971534,70,414
87,10,0.19778978824615479,1.2097042798995972,0.3160421848297119,0.3496243357658386,9.285843916257454,14.457810688818203,70,414
87,11,0.07911591231822968,1.253431797027588,0.15823182463645935,0.5050129294395447,3.6116861746512954,7.180755684403435,62,390
87,12,-0.23075474798679352,1.3837591409683228,-0.46150949597358704,-0.7769429683685303,-9.467487897265753,-18.209956295268043,69,403
87,13,-0.15823182463645935,1.294309377670288,-1.071641445159912,-0.6604015231132507,-6.969934047751458,-39.41491211171396,111,394
87,14,0.0,1.0962622165679932,0.6329272985458374,-0.6215543746948242,0.0,30.000000532410255,60,407
87,15,0.0,1.25199294090271,0.1868194043636322,-0.5438600778579712,0.0,8.486919825176399,65,402
87,16,-0.15823182463645935,1.2349919080734253,0.22835448384284973,-0.5050129294395447,-7.301173641508391,10.392797152002759,82,415
87,17,0.0,0.7650707960128784,0.3561447262763977,-0.46616578102111816,0.0,24.962240812962094,105,409
87,18,-0.06592992693185806,0.9929108619689941,0.35007229447364807,-0.42731863260269165,-3.7989003971628024,19.381720737441995,209,398
87,19,-0.06592992693185806,0.995501697063446,0.3426353931427002,-0.38847148418426514,-3.7890424366590287,18.954075377016252,212,418
87,20,-0.09889489412307739,1.0025837421417236,0.31275421380996704,-0.3496243357658386,-5.633433960849983,17.2465168146037,158,428
87,21,-0.09889489412307739,0.9801210165023804,0.377295583486557,-0.3107771873474121,-5.761683783194207,20.957001083460153,102,436
87,22,0.06592992693185806,1.0420047044754028,0.15049505233764648,-0.15538859367370605,3.6204037264306757,8.202129830711828,97,449
87,23,0.07911591231822968,1.2438411712646484,0.22133205831050873,-0.11654144525527954,3.6394594846206805,10.06980816248837,185,461
87,24,0.0,1.263811707496643,0.07188766449689865,-0.07769429683685303,0.0,3.255568960189784,149,524
87,25,0.0,1.264730453491211,0.05333780124783516,-0.038847148418426514,0.0,2.4149185496470205,163,527
88,0,0.13185985386371613,1.0461807250976562,-0.02980097569525242,0.0,7.1836384793034895,-1.6188564779780295,180,528
88,1,0.03955795615911484,1.2652171850204468,-0.006972756702452898,0.038847148418426514,1.7908117740837348,-0.3156061825181653,261,522
88,2,0.13185985386371613,1.0116779804229736,0.2681231200695038,0.07769429683685303,7.425942591122999,14.724665746500406,268,476
88,3,0.06592992693185806,1.0303324460983276,0.21641995012760162,0.07769429683685303,3.661307012691236,11.838921733624792,268,476
88,4,0.0,1.265799641609192,0.011802192777395248,0.11654144525527954,0.0,0.5342047975579011,254,489
88,5,0.0,2.319920778274536,-0.061417464166879654,0.11654144525527954,0.0,-1.5164913199578143,70,454
88,6,-0.07911591231822968,1.26311457157135,0.025886114686727524,0.15538859367370605,-3.584072182400043,1.1717526850364066,236,468
88,7,-0.03955795615911484,1.2641395330429077,0.0526726171374321,0.19423574209213257,-1.7923374075795286,2.3847842405807897,285,419
88,8,0.0,1.2511569261550903,0.1923387050628662,0.23308289051055908,0.0,8.739587129638215,133,439
88,9,-0.07911591231822968,1.2597301006317139,0.09596140682697296,0.2719300389289856,-3.593676177937844,4.347626869638516,239,442
88,10,-0.07911591231822968,1.2600784301757812,0.09127330034971237,0.3107771873474121,-3.592685363005473,4.134848570140507,267,439
88,11,-0.29009169340133667,2.3025314807891846,1.726276355207019e-14,0.3107771873474121,-7.180755646615653,4.261943285064344e-13,71,413
88,12,-0.07911591231822968,1.2600431442260742,0.09175890684127808,0.3496243357658386,-3.5927857081949646,4.156886071522846,264,419
88,13,0.0,1.2632344961166382,0.08140280842781067,0.38847148418426514,0.0,3.6870411610920333,259,409
88,14,0.03955795615911484,1.2531381845474243,0.17455033957958221,0.42731863260269165,1.808062008181954,7.9258431039077575,211,410
88,15,0.0,1.24961519241333,0.2021133452653885,0.46616578102111816,0.0,9.18748273297948,121,407
88,16,-0.19778978824615479,1.2327555418014526,-0.20876015722751617,0.5050129294395447,-9.115150146363897,-9.492376929565102,121,415
88,17,0.11867386847734451,1.1833642721176147,0.43353599309921265,0.5438600778579712,5.726769054121414,20.02833515586828,116,416
88,18,-0.27690568566322327,1.1309568881988525,-0.4966362416744232,0.5438600778579712,-13.757757372530238,-23.09972981259562,116,416
88,19,0.15823182463645935,1.1918615102767944,0.39600104093551636,0.5827072262763977,7.562378892506089,18.230040281297082,83,422
88,20,-0.3164636492729187,1.0936170816421509,-0.5533899068832397,0.5827072262763977,-16.139034919284907,-25.923265588511775,83,422
88,21,0.07911591231822968,1.1094602346420288,0.6043397188186646,0.6215543746948242,4.078873138693417,28.516797488515607,68,417
88,22,0.03955795615911484,1.201806902885437,0.39557957649230957,0.6604015231132507,1.88523292297383,18.209957571128275,85,410
88,23,-0.07911591231822968,1.2491376399993896,0.18916583061218262,0.6604015231132507,-3.62406902549757,8.594315774925631,85,410
88,24,0.0,1.2658545970916748,0.0,-0.7769429683685303,0.0,0.0,69,408
88,25,-0.11867386847734451,1.2592661380767822,-0.05052833631634712,-0.7769429683685303,-5.383682414154553,-2.2876480597619353,69,408
88,26,0.0,1.25199294090271,-0.1868194043636322,-0.7380958199501038,0.0,-8.486919825176399,63,401
88,27,0.0,1.264562726020813,-0.057175152003765106,-0.6992486715316772,0.0,-2.5887726439612506,124,399
88,28,0.0,1.2591983079910278,-0.1296442449092865,-0.6604015231132507,0.0,-5.878333162505145,125,410
88,29,0.0,1.2591983079910278,0.1296442449092865,-0.6215543746948242,0.0,5.878333162505145,68,414
88,30,-0.36920759081840515,1.4721136093139648,-0.7384151816368103,-0.5827072262763977,-14.079430546929876,-25.9444789521834,74,400
88,31,0.0,1.4690645933151245,-0.15125161409378052,-0.5438600778579712,0.0,-5.878333365535433,92,396
88,32,0.0,0.9795450568199158,0.3914855122566223,-0.46616578102111816,0.0,21.784640927717856,104,402
88,33,0.0,0.9795450568199158,0.3914855122566223,-0.42731863260269165,0.0,21.784640927717856,94,413
88,34,-0.19778978824615479,1.1860792636871338,-0.39557957649230957,-0.38847148418426514,-9.467488097366502,-18.209956651468595,97,403
88,35,0.0,1.2658545970916748,0.0,-0.3496243357658386,0.0,0.0,76,399
88,36,0.0,1.25199294090271,0.1868194043636322,-0.3107771873474121,0.0,8.486919825176399,128,405
88,37,0.0,1.0455868244171143,0.13970546424388885,-0.2719300389289856,0.0,7.6104658701092545,138,418
88,38,0.0,1.2640389204025269,0.06777623295783997,-0.23308289051055908,0.0,3.069191140356674,122,435
88,39,0.0,1.249761939048767,0.20120377838611603,-0.19423574209213257,0.0,9.145781068400904,193,425
88,40,0.03955795615911484,1.245602011680603,0.22203285992145538,-0.15538859367370605,1.8189938639360843,10.10202697000498,231,449
88,41,0.03955795615911484,1.2459614276885986,0.22000721096992493,-0.11654144525527954,1.8184695005940685,10.008910338225258,233,470
88,42,0.0,1.2441760301589966,0.23326806724071503,-0.07769429683685303,0.0,10.618990718901665,145,526
88,43,0.0,1.2518174648284912,0.18799223005771637,-0.038847148418426514,0.0,8.54059576415674,181,551
89,0,0.0,1.2642741203308105,-0.06323692947626114,0.0,0.0,-2.863455070371657,232,517
89,1,-0.3164636492729187,2.3295106887817383,-0.9395652413368225,0.0,-7.736262970232686,-21.784640776640668,98,468
89,2,0.16482481360435486,0.9519478678703308,0.42355337738990784,0.038847148418426514,9.823075996876796,23.67314145379572,204,547
89,3,0.2175687700510025,2.272125244140625,0.41942262649536133,0.038847148418426514,5.46971626378458,10.412193653943724,97,473
89,4,0.19778978824615479,0.9028891324996948,0.5083697438240051,0.07769429683685303,12.356212067164172,28.81103234393034,203,535
89,5,-0.16482481360435486,1.0043587684631348,-0.2772463262081146,0.07769429683685303,-9.319708283165042,-15.237630410152773,203,535
89,6,0.07911591231822968,2.473945379257202,0.5318706035614014,0.07769429683685303,1.831674845892223,12.127252018709859,118,453
89,7,-0.11867386847734451,1.25867760181427,-0.06352169811725616,0.11654144525527954,-5.386184931418492,-2.8763607505170463,221,498
89,8,0.0,2.3183650970458984,0.104821115732193,0.11654144525527954,0.0,2.5887726250627496,114,434
89,9,-0.07911591231822968,1.262561559677124,0.045462626963853836,0.15538859367370605,-3.5856379395260256,2.0581960604322296,242,461
89,10,0.0,2.3198487758636475,-0.06407468765974045,0.15538859367370605,0.0,-1.5821186654579065,105,421
89,11,-0.07911591231822968,1.2626513242721558,0.04289795458316803,0.19423574209213257,-3.5853836937862424,1.9420416824350475,249,443
89,12,-0.23734773695468903,2.373509407043457,-0.8483342528343201,0.19423574209213257,-5.710516572211516,-19.577621585730032,62,420
89,13,-0.07911591231822968,1.2611849308013916,0.07443825155496597,0.23308289051055908,-3.589541565270566,3.3712083692503287,225,436
89,14,-0.07911591231822968,1.2633678913116455,0.005490953102707863,0.2719300389289856,-3.583355407531023,0.24853519628618576,262,421
89,15,-0.11867386847734451,1.2588120698928833,-0.06079921871423721,0.3107771873474121,-5.3856129547655485,-2.752985530349994,224,416
89,16,-0.07911591231822968,1.2633379697799683,0.010284991934895515,0.3496243357658386,-3.583440056379273,0.4655298503331993,200,404
89,17,0.0,1.2658545970916748,0.0,0.38847148418426514,0.0,0.0,115,411
89,18,-0.13185985386371613,1.0410140752792358,0.10803687572479248,0.42731863260269165,-7.218916340219983,5.87833385316893,70,426
89,19,-0.13185985386371613,1.034961462020874,0.15568283200263977,0.46616578102111816,-7.2606844365985665,8.486919253186313,73,411
89,20,-0.03296496346592903,1.009035587310791,0.30582666397094727,0.46616578102111816,-1.8711745849028785,16.852949756181335,73,411
89,21,0.0,1.2591983079910278,0.1296442449092865,0.5050129294395447,0.0,5.878333162505145,87,400
89,22,0.0,1.2658545970916748,0.0,0.5438600778579712,0.0,0.0,64,407
89,23,-0.16482481360435486,1.0398343801498413,-0.06592992693185806,0.7380958199501038,-9.007053661022887,-3.583321437062192,73,410
89,24,-0.16482481360435486,1.0410711765289307,0.04210694506764412,0.7769429683685303,-8.996528363324508,2.287647857059076,85,399
89,25,-0.03296496346592903,1.0535224676132202,0.04210694506764412,0.7769429683685303,-1.7922135386477867,2.287647996102862,85,399
89,26,-0.2109757661819458,0.7354063391685486,-0.3561447262763977,2.4473702907562256,-16.00729905191948,-24.96224203585493,100,406
89,27,0.0,0.6975455284118652,0.47497645020484924,-2.486217498779297,0.0,34.251942082281914,164,407
89,28,-0.05274394154548645,0.6861852407455444,0.48840585350990295,-2.4473702907562256,-4.395423339621213,35.362418672368314,146,414
89,29,-0.1054878830909729,0.6582216024398804,0.5174833536148071,-2.4085230827331543,-9.10491080313456,37.82141634500311,126,409
89,30,-0.05274394154548645,0.7175658345222473,0.44100990891456604,-2.369676113128662,-4.203907452316077,31.505714818220646,148,407
89,31,-0.05274394154548645,0.7060676217079163,0.45919379591941833,-2.330828905105591,-4.272116061393885,32.9652982075582,172,419
89,32,-0.05274394154548645,0.7088527679443359,0.4548826515674591,-2.2919816970825195,-4.25539231360231,32.61711352118306,200,407
89,33,-0.07911591231822968,0.7163882851600647,0.43897706270217896,-2.2531347274780273,-6.302047239529123,31.343974357673943,181,402
89,34,-0.07911591231822968,0.7191002368927002,0.43452033400535583,-2.214287519454956,-6.278470407147818,30.9903466887542,191,412
89,35,-0.05274394154548645,0.7202710509300232,0.43657761812210083,-2.1754403114318848,-4.188174574711043,31.153423201678812,236,405
89,36,-0.05274394154548645,0.724186360836029,0.4300518333911896,-2.1365931034088135,-4.16561115350561,30.6370973284575,211,404
89,37,-0.1054878830909729,0.7539181113243103,0.3642144203186035,-2.097745895385742,-7.965089532658104,25.568079206948166,202,399
89,38,-0.05274394154548645,0.7472559213638306,0.3885859251022339,-2.05889892578125,-4.037440903960224,27.416972458458446,229,397
89,39,-0.07911591231822968,0.754816472530365,0.3690057098865509,-1.9812045097351074,-5.983595389754778,25.929236856681648,193,403
89,40,-0.36920759081840515,0.6515942215919495,-0.38895127177238464,-1.9812045097351074,-29.536843079507236,-27.444919188380894,193,403
89,41,-0.026371970772743225,0.7553221583366394,0.37545350193977356,-1.9423574209213257,-1.9996620802017155,26.417019105688382,183,415
89,42,-0.07911591231822968,0.7602493166923523,0.35767871141433716,-1.9423574209213257,-5.941142744098753,25.0771735238005,183,415
89,43,0.0,0.7617409825325012,0.36321207880973816,-1.903510332107544,0.0,25.492662852505802,188,412
89,44,-0.05274394154548645,0.7586758732795715,0.3657887578010559,-1.8646631240844727,-3.976863898464587,25.686627964109523,195,419
89,45,-0.07911591231822968,0.7581265568733215,0.3621562719345093,-1.8258159160614014,-5.957658503911801,25.413273971515498,211,412
89,46,-0.05274394154548645,0.755422055721283,0.37246212363243103,-1.7869688272476196,-3.9939380646045115,26.190463717496005,217,409
89,47,-0.1054878830909729,0.7346213459968567,0.4017164707183838,-1.748121738433838,-8.171523375584778,28.425917774888458,159,409
89,48,-0.05274394154548645,0.7593492269515991,0.36438873410224915,-1.7092745304107666,-3.9733487108850727,25.581200177114102,217,409
89,49,-0.05274394154548645,0.7505063414573669,0.3822704553604126,-1.6704273223876953,-4.020012324476778,26.934981342417654,205,412
89,50,-0.05274394154548645,0.7575804591178894,0.3680521249771118,-1.6315802335739136,-3.9825957052320775,25.857269628273116,169,414
89,51,-0.05274394154548645,0.745879590511322,0.3912212550640106,-1.5927331447601318,-4.04486626711982,27.618719319450758,135,418
89,52,0.0,0.9679208993911743,0.419402539730072,-1.5538859367370605,0.0,23.427205198828737,81,408
89,53,-0.13185985386371613,0.9932178854942322,0.3300008475780487,-1.5538859367370605,-7.562379191558357,18.23003992562867,81,408
89,54,0.0,0.6886683702468872,0.4877583682537079,-1.2819559574127197,0.0,35.30853230704268,71,427
89,55,-0.1054878830909729,0.7231884598731995,0.4219515323638916,-1.2819559574127197,-8.298921429626516,30.000001079846502,71,427
89,56,-0.06592992693185806,0.9648213386535645,0.4213578999042511,-1.2431087493896484,-3.909162376336161,23.54300188379073,122,420
89,57,-0.09889489412307739,0.9624819159507751,0.42025914788246155,-1.2042615413665771,-5.866546424138944,23.477921227371894,158,421
89,58,-0.05274394154548645,0.7912552952766418,0.28862693905830383,-1.1654144525527954,-3.8136126299326776,19.999645511295846,192,417
89,59,-0.05274394154548645,0.7864298820495605,0.3015269339084625,-1.1265673637390137,-3.8369426881346174,20.934499039192808,210,425
89,60,-0.07911591231822968,0.7912293076515198,0.2826113700866699,-1.0877201557159424,-5.710089944415973,19.565610054153293,214,427
89,61,-0.07911591231822968,0.7935870289802551,0.27592143416404724,-1.048872947692871,-5.693237062844722,19.084284124530765,183,443
89,62,-0.09889489412307739,0.9840947985649109,0.36680591106414795,-1.0100258588790894,-5.738573653322792,20.348122907750927,157,439
89,63,-0.07911591231822968,0.7956091165542603,0.2700355350971222,-0.9711787104606628,-5.678862062196092,18.661961349735847,231,420
89,64,-0.09889489412307739,0.9949843287467957,0.3361477851867676,-0.9323315620422363,-5.676180645165961,18.58191228452426,229,417
89,65,-0.07911591231822968,0.8110459446907043,0.21935701370239258,-0.8157901167869568,-5.571461546589182,15.065999696502269,268,424
89,66,-0.09889489412307739,1.0184786319732666,0.2563015818595886,-0.7769429683685303,-5.546068207249464,14.061767902208798,274,423
89,67,-0.09889489412307739,1.0207316875457764,0.24717585742473602,-0.7380958199501038,-5.53390247481197,13.55135574384863,266,435
89,68,-0.09889489412307739,1.023257851600647,0.2365005910396576,-0.6992486715316772,-5.520325167507822,12.955658959382571,269,437
89,69,-0.09889489412307739,1.0241012573242188,0.23282164335250854,-0.6604015231132507,-5.5158069139213755,12.750700288329595,280,430
89,70,-0.05274394154548645,0.8229773044586182,0.1791614145040512,-0.6215543746948242,-3.6670244101490526,12.25722746652929,260,450
89,71,-0.07911591231822968,0.8232184648513794,0.16800133883953094,-0.5827072262763977,-5.489586112675623,11.482965066550346,242,465
89,72,-0.09889489412307739,1.031266212463379,0.19869369268417358,-0.5438600778579712,-5.477718494307219,10.856909338589668,238,462
89,73,-0.09889489412307739,1.0324219465255737,0.19259829819202423,-0.5050129294395447,-5.471623753495994,10.519991878573611,222,458
89,74,-0.09889489412307739,1.0394450426101685,0.15014442801475525,-0.46616578102111816,-5.434876385142759,8.182888470509724,160,477
89,75,-0.1054878830909729,0.8218247294425964,0.1601526141166687,-0.42731863260269165,-7.314383811166312,10.939716251423443,127,496
89,76,-0.1054878830909729,0.8323087692260742,0.09114169329404831,-0.38847148418426514,-7.223228608684116,6.200048195822424,107,489
89,77,-0.14504584670066833,2.315603256225586,0.0524105578660965,-0.38847148418426514,-3.5842372264202895,1.2940560346868786,114,444
89,78,-0.07252292335033417,2.3168485164642334,-0.11294813454151154,-0.3496243357658386,-1.7929100825947393,-2.789639137280324,134,445
89,79,-0.06592992693185806,1.030813217163086,-0.21411839127540588,-0.2719300389289856,-3.6596040215339496,-11.711225086914846,108,458
89,80,-0.07911591231822968,0.8320792317390442,-0.11643552035093307,-0.23308289051055908,-5.431479264465943,-7.930547559458958,113,460
89,81,0.0,1.2652243375778198,0.03993946686387062,-0.19423574209213257,0.0,1.8080613626980706,167,458
89,82,0.0,1.258459210395813,0.13663190603256226,-0.15538859367370605,0.0,6.196377066972584,185,501
89,83,0.07252292335033417,2.3177497386932373,-0.09263528138399124,-0.15538859367370605,1.792213391138677,-2.287647745832667,85,454
89,84,0.0,1.2466025352478027,0.21993178129196167,-0.11654144525527954,0.0,10.005443501667918,173,500
89,85,0.0,2.308530330657959,-0.23768113553524017,-0.11654144525527954,0.0,-5.878333399259111,65,466
89,86,0.03955795615911484,1.2586662769317627,0.12877154350280762,-0.07769429683685303,1.8001261928248402,5.838625591820479,286,501
89,87,0.0,2.2994163036346436,-0.31382879614830017,-0.07769429683685303,0.0,-7.771820434186042,67,489
89,88,0.36261463165283203,2.292229175567627,-0.000772707222495228,-0.07769429683685303,8.989299923735917,-0.019077098304796557,67,489
89,89,0.03955795615911484,1.2622945308685303,0.08622919023036957,-0.038847148418426514,1.7949554215871575,3.90597601840169,274,540
89,90,-0.08570890128612518,2.7388505935668945,-0.1169247031211853,-0.038847148418426514,-1.79241475812314,-2.443344169081052,75,512
90,0,0.13185985386371613,1.0430355072021484,0.08636724203824997,0.0,7.205073046750055,4.696296430271589,204,521
90,1,0.07252292335033417,2.3073110580444336,-0.23845383524894714,0.0,1.8003163555752257,-5.897511753148734,137,459
90,2,-0.29009169340133667,2.228236675262451,-0.5801833868026733,0.038847148418426514,-7.417555476862771,-14.477511602658046,70,454
90,3,0.19778978824615479,0.9507043361663818,0.41207996010780334,0.07769429683685303,11.752484101534732,22.99445060304529,146,453
90,4,0.0,1.2655423879623413,0.02811633236706257,0.11654144525527954,0.0,1.2727208728662627,174,424
90,5,0.0,1.2617576122283936,-0.10176271200180054,0.15538859367370605,0.0,-4.611013223464852,103,475
90,6,-0.15823182463645935,1.0575084686279297,-0.677514910697937,0.19423574209213257,-8.50986368979359,-32.359057563214016,81,468
90,7,0.0,1.2657991647720337,0.011847585439682007,0.23308289051055908,0.0,0.5362594961281211,109,452
90,8,0.0,1.2654112577438354,0.03350043296813965,0.2719300389289856,0.0,1.5164913188877005,64,457
90,9,0.0,1.2356383800506592,0.27492856979370117,0.3496243357658386,0.0,12.543930514544599,143,407
90,10,0.046150948852300644,1.4092739820480347,0.439141184091568,0.38847148418426514,1.8756536853455064,17.298737432626616,134,403
90,11,0.13845284283161163,1.406605839729309,0.42815732955932617,0.42731863260269165,5.621541049374335,16.85295076003933,87,418
90,12,-0.19778978824615479,1.0080169439315796,-0.2398967295885086,0.5050129294395447,-11.101353367317653,-13.145010754604279,68,394
90,13,-0.35602161288261414,1.7238374948501587,-0.7120432257652283,-1.8646631240844727,-11.669146838051939,-22.024313457663265,66,405
90,14,-0.27690568566322327,0.9318745136260986,0.8107534050941467,-1.5927331447601318,-16.54927025648847,39.82755228397299,148,402
90,15,0.0,0.9614676237106323,-0.4339924156665802,-1.4761916399002075,0.0,-24.2937199706648,130,402
90,16,-0.03296496346592903,0.9592252969741821,-0.4376865327358246,-1.3596501350402832,-1.968265692855187,-24.51405213390492,145,405
90,17,-0.1054878830909729,0.8372840881347656,6.277367948365198e-15,-1.3208030462265015,-7.180756017390684,4.2619433046559726e-13,112,413
90,18,-0.13185985386371613,0.7941973805427551,0.25305303931236267,-1.2819559574127197,-9.42677438695864,17.44921409635779,105,425
90,19,-0.13845284283161163,0.5700822472572327,0.23755846917629242,-1.2431087493896484,-13.650826970914393,22.044892044973675,118,420
90,20,-0.15823182463645935,0.7749984860420227,0.29413002729415894,-1.2042615413665771,-11.539508451396692,20.397754288254518,154,413
90,21,-0.13185985386371613,0.7841057777404785,0.2827780842781067,-1.1654144525527954,-9.545879976947383,19.577622901639852,139,418
90,22,-0.09889489412307739,1.0418778657913208,0.13221107423305511,-1.0877201557159424,-5.422261472551916,7.199983198079702,121,415
90,23,-0.11867386847734451,0.5856045484542847,0.20876015722751617,-1.048872947692871,-11.455955873986532,19.258624687621236,91,425
90,24,0.0,1.2613003253936768,0.10728201270103455,-1.048872947692871,0.0,4.861686892648574,117,404
90,25,-0.1054878830909729,0.8102678060531616,0.2109757661819458,-1.0100258588790894,-7.417555786814828,14.477512178954797,159,396
90,26,-0.15823182463645935,0.8098165392875671,0.1770092248916626,-0.9711787104606628,-11.05585493030311,12.107740530409783,144,402
90,27,-0.1054878830909729,0.7974001169204712,0.2553384602069855,-0.9323315620422363,-7.535888343316668,17.611937155777866,103,413
90,28,-0.15823182463645935,0.8087721467018127,0.18172141909599304,-0.8934844136238098,-11.069779280036277,12.43515078101392,149,407
90,29,-0.07911591231822968,0.6172117590904236,0.11570348590612411,-0.8546372652053833,-7.304499164239042,10.533297272914309,98,420
90,30,-0.03955795615911484,0.6298965215682983,0.047565799206495285,-0.8546372652053833,-3.593497099111516,4.309960171677384,98,420
90,31,-0.23075474798679352,1.3837591409683228,-0.46150949597358704,-0.8546372652053833,-9.467487897265753,-18.209956295268043,105,405
90,32,-0.09230189770460129,1.4623370170593262,-0.18460379540920258,-0.8546372652053833,-3.6116863704141613,-7.180756069046116,105,405
90,33,0.0,0.8289896845817566,0.15795084834098816,-0.8157901167869568,0.0,10.787502645036453,93,419
90,34,-0.3230566382408142,1.2880994081497192,-0.6461132764816284,-0.8157901167869568,-14.079430391031893,-25.94447870764084,65,405
90,35,-0.09230189770460129,1.4623370170593262,-0.18460379540920258,-0.8157901167869568,-3.6116863704141613,-7.180756069046116,65,405
90,36,-0.13185985386371613,1.0319862365722656,-0.17431804537773132,-0.7380958199501038,-7.281392718042701,-9.511720062167784,109,418
90,37,0.0,1.2633533477783203,-0.07953739166259766,-0.6215543746948242,0.0,-3.6024364739007844,92,431
90,38,0.07252292335033417,2.085585832595825,-1.015320897102356,-0.6215543746948242,1.9915669488234577,-25.944478552933788,61,415
90,39,-0.07911591231822968,1.2606666088104248,0.08275408297777176,-0.5438600778579712,-3.591013541141281,3.7483321810689083,186,419
90,40,0.0,1.265686273574829,0.020645197480916977,-0.5050129294395447,0.0,0.9344952364602195,216,419
90,41,0.0,1.2658495903015137,0.003549987683072686,-0.46616578102111816,0.0,0.1606816324174285,234,415
90,42,-0.03955795615911484,1.2639293670654297,0.05749480426311493,-0.42731863260269165,-1.7926352427233374,2.603255741847496,187,438
90,43,-0.07911591231822968,1.2623519897460938,0.050949811935424805,-0.38847148418426514,-3.5862316574304227,2.3067404913376603,138,445
90,44,0.0,1.2552974224090576,-0.16314467787742615,-0.3496243357658386,0.0,-7.404937785840595,71,448
90,45,-0.03955795615911484,1.2468377351760864,0.21498548984527588,-0.3107771873474121,-1.8171922937829446,9.778183031699754,151,456
90,46,-0.03955795615911484,1.2591147422790527,0.12430991232395172,-0.2719300389289856,-1.7994854542751741,5.6356641639643295,161,482
90,47,0.0,1.2628103494644165,0.08773890137672424,-0.23308289051055908,0.0,3.9744708911540645,130,498
90,48,0.03955795615911484,1.2542859315872192,0.16610164940357208,-0.19423574209213257,1.8064086193937066,7.539924231029602,111,508
90,49,0.0,1.26584792137146,-0.004111429210752249,-0.15538859367370605,0.0,-0.18609400820170993,177,498
90,50,0.0,1.2565863132476807,0.15290066599845886,-0.11654144525527954,0.0,6.937610971036023,172,526
90,51,-0.07252292335033417,2.3182859420776367,-0.07807426154613495,-0.11654144525527954,-1.7917991349158096,-1.9279118208670654,105,479
90,52,0.13185985386371613,1.035811424255371,0.14992359280586243,-0.07769429683685303,7.25478999423685,8.170771104934799,199,574
90,53,0.07252292335033417,2.3049628734588623,-0.260174423456192,-0.07769429683685303,1.8021492219172737,-6.436887298846811,141,506
90,54,0.13185985386371613,1.0402555465698242,0.11511243134737015,-0.038847148418426514,7.224124605512953,6.264810992539841,216,581
90,55,0.07252292335033417,2.3086135387420654,-0.22549530863761902,-0.038847148418426514,1.7993013153950488,-5.575972393595813,134,517
91,0,0.06592992693185806,1.0471712350845337,0.1088809072971344,0.0,3.602588546650168,5.924421414111759,281,509
91,1,-0.03955795615911484,1.2623027563095093,0.0861087441444397,0.038847148418426514,-1.7949437329160747,3.9005116385335303,190,539
91,2,-0.07911591231822968,1.2632993459701538,0.014256775379180908,0.07769429683685303,-3.5835493301208627,0.6453113507354653,273,508
91,3,-0.2175687700510025,2.3016867637634277,0.20175819098949432,0.07769429683685303,-5.399884346897149,4.987433416434406,112,460
91,4,-0.03955795615911484,1.2652099132537842,0.00817720778286457,0.11654144525527954,-1.7908220600336666,0.37012367760198017,350,453
91,5,-0.03955795615911484,1.2651102542877197,0.017864389345049858,0.15538859367370605,-1.790963040037763,0.8086142557260984,337,441
91,6,0.0,1.2640260457992554,0.06801380962133408,0.19423574209213257,0.0,3.0799602376778377,258,444
91,7,0.0,1.2641043663024902,0.06654402613639832,0.23308289051055908,0.0,3.013339732956509,191,434
91,8,-0.23734773695468903,1.1492249965667725,-0.47469547390937805,0.2719300389289856,-11.669146600545055,-22.02431305788535,87,449
91,9,-0.11867386847734451,1.2526308298110962,-0.1386374980211258,0.2719300389289856,-5.412031422291289,-6.287696678371474,87,449
91,10,0.11867386847734451,1.214647889137268,0.33605796098709106,0.3107771873474121,5.5802175267919445,15.395423612525402,99,430
91,11,-0.19778978824615479,0.9856826066970825,-0.7692183256149292,0.38847148418426514,-11.346440437302459,-37.421017614363336,107,397
91,12,-0.39557957649230957,0.9055230021476746,-0.7911591529846191,0.42731863260269165,-23.59820968028684,-38.68218846520184,68,404
91,13,-0.27690568566322327,1.1040852069854736,-0.5538113713264465,0.42731863260269165,-14.079430183167915,-25.9444783815841,68,404
91,14,-0.03955795615911484,1.2478951215744019,-0.20876015722751617,-0.3107771873474121,-1.8156535524813437,-9.492376809488906,116,428
91,15,0.0,1.2658545970916748,0.0,-0.2719300389289856,0.0,0.0,119,424
91,16,0.0,1.26503324508667,-0.045592378824949265,-0.23308289051055908,0.0,-2.06407282026815,140,435
91,17,0.0,1.265815019607544,-0.010021168738603592,-0.19423574209213257,0.0,-0.45358813988497054,154,452
91,18,0.0,1.2609163522720337,-0.11170361191034317,-0.15538859367370605,0.0,-5.0625729636526575,128,454
91,19,0.16482481360435486,1.0416228771209717,-0.024975696578621864,-0.11654144525527954,8.991841184144388,-1.3566826582252993,172,484
91,20,-0.19778978824615479,0.8911821246147156,0.528623640537262,-0.11654144525527954,-12.513448313034049,30.074299846325975,172,484
91,21,0.03955795615911484,1.2619365453720093,0.0913194939494133,-0.07769429683685303,1.7954642803626868,4.1369446961449885,277,524
91,22,0.06592992693185806,1.0492864847183228,0.08614163845777512,-0.038847148418426514,3.5953451811152606,4.68400186182068,292,547
92,0,0.06592992693185806,1.0307893753051758,0.2142333686351776,0.0,3.6596884370722598,11.717602400306854,244,513
92,1,-0.19778978824615479,1.0119110345840454,0.22290045022964478,0.038847148418426514,-11.059687794321524,12.198799453643337,101,555
92,2,-0.15823182463645935,0.8150831460952759,0.1509122997522354,0.07769429683685303,-10.986161805695183,10.301419052791962,91,521
92,3,-0.13185985386371613,0.8204749226570129,-0.14699073135852814,0.11654144525527954,-9.130027595556665,-10.030921649893493,123,508
92,4,-0.13185985386371613,0.8241574764251709,-0.12469907104969025,0.15538859367370605,-9.089914797996672,-8.4974087184505,163,474
92,5,-0.1054878830909729,0.8231629133224487,-0.1531258076429367,0.19423574209213257,-7.302621561504761,-10.454201717538082,163,452
92,6,-0.1054878830909729,0.8244583010673523,-0.14599040150642395,0.23308289051055908,-7.291271261393175,-9.961958595602187,169,422
92,7,-0.11867386847734451,0.6109073162078857,-0.11535045504570007,0.2719300389289856,-10.993268443721547,-10.5007933006829,114,407
92,8,0.07911591231822968,1.253431797027588,0.15823182463645935,-0.2719300389289856,3.6116861746512954,7.180755684403435,61,411
92,9,-0.11867386847734451,1.203019618988037,-0.37556374073028564,-0.19423574209213257,-5.63381001479701,-17.258779094838594,75,424
92,10,0.0,1.2648625373840332,-0.05010686069726944,-0.15538859367370605,0.0,-2.2685558261062915,131,439
92,11,0.09889489412307739,1.0219656229019165,0.24202370643615723,-0.11654144525527954,5.527262166943114,13.263674831415358,227,448
92,12,0.09889489412307739,1.0483922958374023,0.06215221434831619,-0.07769429683685303,5.3887679390091945,3.377755597141723,235,509
92,13,-0.07911591231822968,2.502861499786377,-0.37279582023620605,-0.07769429683685303,-1.8105272620107131,-8.46763086870779,60,484
92,14,0.06592992693185806,1.0418757200241089,0.15138517320156097,-0.038847148418426514,3.62085074092522,8.250979731482655,256,544
92,15,-0.07911591231822968,2.5021579265594482,0.37748873233795166,-0.038847148418426514,-1.811036019000836,8.57502319529994,68,515
93,0,0.03955795615911484,1.235787034034729,0.2713915705680847,0.0,1.8334310174363468,12.379974492722448,206,519
93,1,0.0,1.2552920579910278,0.1631862074136734,0.038847148418426514,0.0,7.406833134022501,157,503
93,2,0.0,1.1958338022232056,0.41517388820648193,0.11654144525527954,0.0,19.146162814717467,71,420
93,3,0.0,1.2658545970916748,0.0,0.15538859367370605,0.0,0.0,61,409
93,4,-0.13185985386371613,1.0448613166809082,-0.060390911996364594,-0.15538859367370605,-7.192614742896994,-3.281928978959556,115,449
93,5,0.16482481360435486,0.9637144207954407,0.39605140686035156,-0.11654144525527954,9.705435109505997,22.051960545829697,251,449
93,6,0.09889489412307739,1.0032631158828735,0.31056785583496094,-0.07769429683685303,5.629643714912878,17.1222164517297,236,535
93,7,0.03955795615911484,1.2389507293701172,0.2565620243549347,-0.038847148418426514,1.8287524831216153,11.693658212745659,217,568
94,0,0.07911591231822968,0.627963125705719,8.068361785262823e-05,0.0,7.180755342926473,0.007303888588106815,158,537
94,1,0.0,1.1782604455947876,0.4626987874507904,0.0,0.0,21.439763817453862,202,490
94,2,0.07911591231822968,1.257189393043518,0.12491322308778763,0.038847148418426514,3.6009197012724963,5.663104657035505,198,479
94,3,0.14504584670066833,2.315603256225586,0.0524105578660965,0.038847148418426514,3.5842372264202895,1.2940560346868786,91,438
94,4,0.03296496346592903,1.053550362586975,0.04140448570251465,0.07769429683685303,1.792166116950182,2.2494638491707004,111,442
94,5,0.03955795615911484,1.2552498579025269,0.15865328907966614,0.11654144525527954,1.805022367497728,7.199983451185253,93,413
94,6,0.19778978824615479,1.219620704650879,0.2753041684627533,-0.15538859367370605,9.211642574532776,12.561347682243113,109,410
94,7,-0.16482481360435486,1.0272963047027588,-0.17396679520606995,-0.11654144525527954,-9.115149432880026,-9.492376634895137,138,443
94,8,0.07911591231822968,0.6277117133140564,-0.01776665449142456,-0.07769429683685303,7.1836013543281805,-1.6085386730455629,166,536
94,9,0.046150948852300644,1.385969638824463,0.5079235434532166,-0.07769429683685303,1.9071687073983115,20.116379434349216,168,507
94,10,0.07911591231822968,0.6279628872871399,0.0005241610924713314,-0.038847148418426514,7.180758040784071,0.04744971655780473,151,588
94,11,0.03955795615911484,1.1863856315612793,0.43967294692993164,-0.038847148418426514,1.9097201539334194,20.324268918802506,207,542
94,12,0.2175687700510025,2.297102451324463,0.24857255816459656,-0.038847148418426514,5.41059697158997,6.148716287786583,99,503
95,0,0.13185985386371613,0.9726995825767517,0.38631319999694824,0.0,7.719997177412761,21.48241835979227,267,463
95,1,0.0,0.6315452456474304,0.041803646832704544,0.038847148418426514,0.0,3.7870344151526223,102,492
95,2,0.0,1.4690645933151245,-0.15125161409378052,0.038847148418426514,0.0,-5.878333365535433,77,494
95,3,0.0,0.6310000419616699,-0.049355123192071915,0.07769429683685303,0.0,-4.472415673034881,99,442
95,4,0.0,1.054878830909729,0.0,0.11654144525527954,0.0,0.0,61,408
95,5,0.13185985386371613,0.9817550182342529,0.3626836836338043,-0.11654144525527954,7.64963709687764,20.10950533943155,170,414
95,6,0.13185985386371613,0.9783294796943665,0.3718250095844269,-0.07769429683685303,7.676102852955543,20.639154024831445,281,460
95,7,0.13185985386371613,0.9772768616676331,0.37458285689353943,-0.038847148418426514,7.68427199427856,20.799304571486026,274,502
96,0,0.13185985386371613,0.9827573299407959,0.35995879769325256,0.0,7.641927495561526,19.951974383832653,291,434
96,1,-0.11867386847734451,1.2578619718551636,-0.0780242308974266,0.038847148418426514,-5.3896569120395394,-3.533813820390931,148,488
96,2,-0.07911591231822968,1.262078881263733,-0.05731977894902229,0.07769429683685303,-3.58700567670838,-2.5953254477235093,151,424
96,3,0.16482481360435486,1.0051957368850708,0.2741962671279907,-0.11654144525527954,9.31208428803669,15.065999818394886,107,414
96,4,0.13185985386371613,0.9722866415977478,0.38735124468803406,-0.07769429683685303,7.723236381941333,21.543022324184715,256,456
96,5,0.13185985386371613,0.9706249833106995,0.39149656891822815,-0.038847148418426514,7.736298169182167,21.785287471626475,256,510
97,0,0.13185985386371613,0.9592182040214539,0.4186677932739258,0.0,7.827162503771027,23.38371984157756,266,414
97,1,0.0,1.2515829801559448,0.18954649567604065,0.038847148418426514,0.0,8.611741848506838,210,474
97,2,0.0,1.256659746170044,0.1522963047027588,0.07769429683685303,0.0,6.910054863397887,177,416
97,3,0.0,1.0433274507522583,0.15568283200263977,0.11654144525527954,0.0,8.486919558344967,100,402
97,4,0.0,1.054878830909729,0.0,-0.15538859367370605,0.0,0.0,68,401
97,5,0.03296496346592903,1.0066242218017578,0.31367227435112,-0.11654144525527954,1.8756537804734847,17.298738257323148,138,406
97,6,0.09889489412307739,0.9943278431892395,0.3380848467350006,-0.07769429683685303,5.679903736313239,18.69294586077976,244,429
97,7,0.09889489412307739,0.9982252717018127,0.3263978362083435,-0.038847148418426514,5.657871523782759,18.024121415852214,271,473
98,0,0.06592992693185806,1.017381191253662,0.2708471119403839,0.0,3.7077862217461446,14.877697124686323,211,408
98,1,0.05274394154548645,0.8401088118553162,0.06006345525383949,0.038847148418426514,3.5924442692816583,4.081386613792468,145,475
98,2,0.0,2.107604503631592,-0.09529192000627518,0.038847148418426514,0.0,-2.5887726927031456,95,431
98,3,0.026371970772743225,0.8431329727172852,0.02457161620259285,0.07769429683685303,1.7915443952848191,1.6684959367213477,128,425
98,4,0.16482481360435486,0.9784299731254578,0.35815781354904175,-0.07769429683685303,9.562181049742836,19.84794075158698,164,411
98,5,0.16482481360435486,0.9359416365623474,0.4578377902507782,-0.038847148418426514,9.987712692261965,25.722907212731382,200,456
98,6,0.0,2.3207335472106934,0.0,-0.038847148418426514,0.0,0.0,66,424
99,0,0.06592992693185806,1.0187439918518066,0.26567506790161133,0.0,3.702840027078832,14.587228115208072,178,378
99,1,0.03955795615911484,0.6306638121604919,0.03598974645137787,0.038847148418426514,3.5891365433384954,3.259732192812963,124,463
99,2,-0.11867386847734451,1.243010401725769,-0.2079171985387802,0.038847148418426514,-5.453666907070516,-9.453694755833816,129,434
99,3,0.3164636492729187,1.171273112297058,0.36105120182037354,0.038847148418426514,15.119601137299382,16.572195371065625,129,434
99,4,0.03955795615911484,0.6309884786605835,-0.02976079285144806,0.07769429683685303,3.587294625805511,-2.6950911003714153,92,412
99,5,0.11867386847734451,0.6166475415229797,-0.07911591231822968,0.07769429683685303,10.89339410424658,-7.180755430505082,92,412
99,6,0.23734773695468903,1.185195803642273,0.3759852349758148,0.07769429683685303,11.324275483651904,17.2787568749739,92,405
99,7,0.3164636492729187,1.0495911836624146,0.6329272985458374,0.07769429683685303,16.778654911636753,30.000000050801344,92,405
99,8,0.0,1.045279622077942,0.1419851928949356,-0.07769429683685303,0.0,7.735408607887995,120,408
99,9,0.07911591231822968,0.8330721855163574,0.10910441726446152,-0.038847148418426514,5.4250440329726715,7.428305293771522,172,442
100,0,0.0,1.2658158540725708,-0.009906217455863953,0.0,0.0,-0.4483850182982164,185,395
100,1,0.07911591231822968,1.2537952661514282,0.15532547235488892,0.038847148418426514,3.6106419346048324,7.048186128498819,200,466
100,2,0.03955795615911484,1.2581121921539307,0.13407716155052185,0.07769429683685303,1.8009184638595122,6.080076186923786,158,417
100,3,0.0,1.2620000839233398,0.09871024638414383,0.11654144525527954,0.0,4.472415673034881,92,400
100,4,0.07911591231822968,1.253431797027588,0.15823182463645935,-0.07769429683685303,3.6116861746512954,7.180755684403435,138,405
100,5,0.07911591231822968,1.2502774000167847,0.18148016929626465,-0.038847148418426514,3.6207740961374792,8.242653471524106,183,456
101,0,0.0,1.2647655010223389,0.05249914899468422,0.0,0.0,2.3769258967656466,266,399
101,1,-0.03955795615911484,1.2650983333587646,0.018690889701247215,0.038847148418426514,-1.7909799051605126,0.846027638368038,244,464
101,2,-0.07252292335033417,2.2198784351348877,0.6728187203407288,0.038847148418426514,-1.8711745604567007,16.85295014030517,53,450
101,3,0.0,1.2639403343200684,0.06959041953086853,0.07769429683685303,0.0,3.151426968977682,233,413
101,4,-0.11867386847734451,1.2526308298110962,-0.1386374980211258,0.11654144525527954,-5.412031422291289,-6.287696678371474,100,403
101,5,0.06592992693185806,1.051647424697876,-0.049601320177316666,-0.07769429683685303,3.5872947609972554,-2.69509113428521,80,423
101,6,-0.15823182463645935,0.752506673336029,-0.34766194224357605,-0.038847148418426514,-11.87475858537768,-24.328586650564326,126,457
101,7,0.1054878830909729,0.8224257230758667,0.1570371687412262,-0.038847148418426514,7.309096592330184,10.724359602852887,126,457
102,0,0.0,1.25199294090271,0.1868194043636322,0.0,0.0,8.486919825176399,104,417
102,1,0.0,1.2652630805969238,0.03869535028934479,0.038847148418426514,0.0,1.751722201422702,206,464
102,2,0.0,1.2648265361785889,0.051008276641368866,0.07769429683685303,0.0,2.309388717276859,175,407
102,3,0.0,1.25199294090271,0.1868194043636322,0.11654144525527954,0.0,8.486919825176399,84,401
102,4,0.07911591231822968,1.260926604270935,0.0786944329738617,0.11654144525527954,3.5902750327451067,3.564207109003195,84,401
102,5,0.0,1.2658545970916748,0.0,-0.11654144525527954,0.0,0.0,71,397
102,6,0.0,1.2654112577438354,-0.03350043296813965,-0.07769429683685303,0.0,-1.5164913188877005,140,422
102,7,0.0,1.2658164501190186,0.009825711138546467,-0.038847148418426514,0.0,0.44474099924641564,190,465
103,0,0.09889489412307739,0.9943738579750061,0.3379494547843933,0.0,5.67964261649799,18.685182876015848,178,396
103,1,0.06592992693185806,0.9958136081695557,0.34172773361206055,0.038847148418426514,3.7878590793615974,18.901958136698738,255,429
103,2,0.06592992693185806,0.9936623573303223,0.3479335904121399,0.07769429683685303,3.7960357360157317,19.258624068122828,193,406
103,3,0.0,1.0213819742202759,0.26371970772743225,0.11654144525527954,0.0,14.477513042655318,82,406
103,4,0.13185985386371613,0.9783554673194885,0.37175658345222473,0.11654144525527954,7.675901386987957,20.635182915109276,82,406
103,5,0.0,1.0433274507522583,0.15568283200263977,-0.11654144525527954,0.0,8.486919558344967,69,402
103,6,0.03296496346592903,0.9898632764816284,0.36311623454093933,-0.07769429683685303,1.9073901853079027,20.13452656813801,149,415
103,7,0.06592992693185806,0.9973838329315186,0.33711734414100647,-0.038847148418426514,3.7819130077811156,18.637479082235135,214,445
104,0,0.0,1.0527944564819336,0.06628115475177765,0.0,0.0,3.602436204648174,164,378
104,1,0.06592992693185806,1.0238004922866821,0.24546930193901062,0.038847148418426514,3.684602385863106,13.45602817609159,219,420
104,2,0.03296496346592903,1.024929404258728,0.24739110469818115,0.07769429683685303,1.8421779991540894,13.563381708497467,156,400
104,3,0.06592992693185806,1.0127891302108765,0.2875426709651947,0.11654144525527954,3.724550385530364,15.818064105112805,63,389
104,4,-0.03296496346592903,1.009035587310791,0.30582666397094727,0.11654144525527954,-1.8711745849028785,16.852949756181335,63,389
104,5,0.06592992693185806,0.9756738543510437,0.39557957649230957,-0.07769429683685303,3.865812962440674,22.02431291499231,84,406
104,6,-0.26371970772743225,0.8746592998504639,-0.5274394154548645,-0.07769429683685303,-16.77865527135102,-30.00000056740162,84,406
104,7,0.09889489412307739,0.9981439113616943,0.32664647698402405,-0.038847148418426514,5.658329713534394,18.038324292691282,190,419
105,0,0.06592992693185806,1.04452645778656,0.13185985386371613,0.0,3.6116863116852995,7.180755953653309,100,393
105,1,0.16482481360435486,1.0398343801498413,0.06592992693185806,0.0,9.007053661022887,3.583321437062192,100,393
105,2,0.03955795615911484,1.2322911024093628,0.28684815764427185,0.038847148418426514,1.8386287798146792,13.097236833993502,134,424
105,3,0.0,1.25199294090271,0.1868194043636322,0.07769429683685303,0.0,8.486919825176399,70,413
105,4,0.0,2.5317091941833496,0.0,0.7769429683685303,0.0,0.0,59,370
105,5,0.06592992693185806,1.050387978553772,0.07146894186735153,-0.07769429683685303,3.5915847810766897,3.884813666505927,121,397
105,6,0.13185985386371613,1.0074915885925293,0.28344863653182983,-0.038847148418426514,7.456452814385897,15.587075139773807,156,429
105,7,-0.2966846823692322,0.7919501066207886,-0.6305256485939026,-0.038847148418426514,-20.537229659906718,-36.70701364962496,156,429
106,0,0.03955795615911484,1.2606438398361206,-0.10770349204540253,0.0,1.7973042013853568,-4.8808335382402,98,387
106,1,0.07911591231822968,1.2594022750854492,-0.10017207264900208,0.038847148418426514,3.5946091684202965,-4.538786825890137,185,412
106,2,0.07911591231822968,1.2561938762664795,-0.1345570981502533,0.07769429683685303,3.60376586438787,-6.1019223001372564,97,414
106,3,0.09889489412307739,1.048161506652832,-0.06592992693185806,-0.07769429683685303,5.389947476517968,-3.583321458357607,79,414
106,4,0.09889489412307739,1.0496331453323364,-0.035488296300172806,-0.038847148418426514,5.3824349103823295,-1.9279117922033038,180,414
107,0,0.03296496346592903,1.03764808177948,0.18700018525123596,0.0,1.8196132975817272,10.210885629238227,172,387
107,1,0.09889489412307739,1.0107530355453491,0.28524985909461975,0.038847148418426514,5.588191749735266,15.688669666472961,266,413
107,2,0.06592992693185806,1.0152844190597534,0.2786039412021637,0.07769429683685303,3.715422140435904,15.31406946343064,188,403
107,3,0.0,1.0213819742202759,0.26371970772743225,0.11654144525527954,0.0,14.477513042655318,100,390
107,4,0.09889489412307739,0.9730281233787537,0.3952283263206482,0.11654144525527954,5.8033979590721785,22.003735121266004,100,390
107,5,0.0,1.0213819742202759,0.26371970772743225,-0.11654144525527954,0.0,14.477513042655318,92,403
107,6,0.06592992693185806,1.0251206159591675,0.2398967295885086,-0.07769429683685303,3.6798704967782325,13.145010316054522,156,408
107,7,0.09889489412307739,1.0173267126083374,0.2608361840248108,-0.038847148418426514,5.552308802880853,14.315815766477302,238,428
108,0,0.06592992693185806,1.021310567855835,0.2556314468383789,0.0,3.6935604993636315,14.02424789899516,256,402
108,1,0.09889489412307739,1.0036371946334839,0.3093567192554474,0.038847148418426514,5.627558888150618,17.053396052749033,284,445
108,2,0.09889489412307739,1.0012725591659546,0.31692659854888916,0.07769429683685303,5.6407634912788795,17.483963807966926,236,405
108,3,0.09889489412307739,1.0094436407089233,0.28984928131103516,0.11654144525527954,5.595394474736633,15.948321438020766,135,410
108,4,0.0,1.0433274507522583,0.15568283200263977,0.15538859367370605,0.0,8.486919558344967,70,405
108,5,0.0,1.054878830909729,0.0,0.19423574209213257,0.0,0.0,55,393
108,6,0.06592992693185806,1.0127891302108765,0.2875426709651947,-0.11654144525527954,3.724550385530364,15.818064105112805,104,415
108,7,0.09889489412307739,1.014302372932434,0.27236008644104004,-0.07769429683685303,5.568760180833005,14.96274082608281,185,405
108,8,0.09889489412307739,1.0180617570877075,0.25795239210128784,-0.038847148418426514,5.548325037807226,14.154220574051978,273,424
109,0,0.16482481360435486,0.9628944396972656,0.398040771484375,0.0,9.713542666296197,22.168590207023065,175,549
109,1,-0.26371970772743225,0.7954533100128174,-0.6406834125518799,0.0,-18.34210689189474,-37.39832593465643,175,549
109,2,0.09889489412307739,0.9757452607154846,0.3884718120098114,0.038847148418426514,5.787347206906226,21.608471463563607,219,565
109,3,-0.07252292335033417,2.318138599395752,-0.08232783526182175,0.038847148418426514,-1.791912948807658,-2.032989752064375,76,543
109,4,0.09889489412307739,0.9740658402442932,0.392663836479187,0.07769429683685303,5.7972574668392305,21.85358111126833,252,539
109,5,0.13185985386371613,0.9807345271110535,0.3654341399669647,0.11654144525527954,7.657502433585332,20.268676614012243,258,454
109,6,0.06592992693185806,1.001153588294983,0.3257516026496887,0.15538859367370605,3.7677136430738463,17.987214295019708,175,417
109,7,-0.15823182463645935,1.2520411014556885,-0.09871024638414383,0.19423574209213257,-7.202803943474643,-4.47241564752878,90,396
109,8,0.23734773695468903,1.1492249965667725,0.47469547390937805,0.19423574209213257,11.669146600545055,22.02431305788535,90,396
109,9,-0.03955795615911484,1.2616560459136963,0.09511590003967285,0.23308289051055908,-1.7958631981258726,4.309247629901445,118,408
109,10,-0.2109757661819458,0.8171056509017944,1.2554735896730396e-14,-0.2719300389289856,-14.477511828619665,8.523886124998161e-13,100,393
109,11,-0.15823182463645935,0.8252772688865662,-0.07779782265424728,-0.23308289051055908,-10.853699431184848,-5.289499616132934,176,395
109,12,-0.13185985386371613,0.8320925831794739,-0.049064408987760544,-0.19423574209213257,-9.004657400652832,-3.333048307154073,225,405
109,13,-0.15823182463645935,0.8273226022720337,-0.05169524624943733,-0.15538859367370605,-10.827501610067833,-3.511985057741429,213,437
109,14,-0.15823182463645935,0.8168070912361145,-0.14128431677818298,-0.11654144525527954,-10.963536957670081,-9.637712881302063,220,448
109,15,-0.11867386847734451,0.6136510968208313,-0.09972876310348511,-0.07769429683685303,-10.945304622581153,-9.065732314944944,103,550
109,16,0.03955795615911484,1.2652002573013306,-0.009560542181134224,-0.07769429683685303,1.7908357186087631,-0.43273841667402263,121,532
109,17,0.0,1.2658493518829346,-0.0036299380008131266,-0.038847148418426514,0.0,-0.16430040209205282,183,570
110,0,0.23075474798679352,1.0216809511184692,0.12525822222232819,0.0,12.727162242201944,6.8194944839861975,187,507
110,1,0.0,2.315488576889038,-0.1559372842311859,0.0,0.0,-3.852784147379273,97,459
110,2,0.23075474798679352,1.0287859439849854,-0.03348222374916077,0.038847148418426514,12.64210049630912,-1.818893629631302,188,548
110,3,-0.06592992693185806,0.8406365513801575,0.6338397264480591,0.038847148418426514,-4.484446714596801,36.93187068541672,188,548
110,4,0.14504584670066833,2.2874603271484375,-0.3637181520462036,0.038847148418426514,3.6282174956011612,-9.016884215587652,93,499
110,5,-0.03955795615911484,1.2410115003585815,0.24640090763568878,0.07769429683685303,-1.825717791314859,11.224385195557172,274,505
110,6,0.35602161288261414,1.0251177549362183,-0.6517439484596252,0.07769429683685303,19.152025308268605,-30.98841592713453,274,505
110,7,0.15823182463645935,2.405559778213501,-0.7731726169586182,0.07769429683685303,3.763354542366629,-17.78196080741816,64,483
110,8,0.23075474798679352,0.7904728055000305,0.6592983603477478,0.11654144525527954,16.273575873920826,38.68212445843167,263,483
110,9,-0.09889489412307739,1.038680911064148,-0.15534214675426483,0.11654144525527954,-5.438850720715245,-8.468210410503572,263,483
110,10,0.13185985386371613,0.95941162109375,0.41822436451911926,0.15538859367370605,7.825604103453488,23.357482500677165,241,464
110,11,0.0,1.2466930150985718,0.21941842138767242,0.19423574209213257,0.0,9.981849391515285,131,442
110,12,-0.03955795615911484,1.2649487257003784,0.02697925828397274,0.23308289051055908,-1.7911915894523578,1.2212418627613486,146,442
110,13,-0.03955795615911484,1.2651560306549072,-0.01425862591713667,0.2719300389289856,-1.7908982809169853,-0.645395095644003,213,428
110,14,0.0,2.4513168334960938,-0.6329272985458374,0.2719300389289856,0.0,-14.477512503083895,72,403
110,15,-0.03955795615911484,1.2651276588439941,0.016583329066634178,0.3107771873474121,-1.7909384175287506,0.7506248805200784,225,430
110,16,0.0,2.5317091941833496,0.0,0.3107771873474121,0.0,0.0,58,409
110,17,-0.03955795615911484,1.2649588584899902,0.026501091197133064,0.3496243357658386,-1.7911772506899657,1.1995939582708528,201,428
110,18,-0.03955795615911484,1.264193058013916,-0.051371291279792786,0.38847148418426514,-1.792261570873183,-2.325833187435135,168,417
110,19,0.0,1.2633533477783203,0.07953739166259766,0.42731863260269165,0.0,3.6024364739007844,98,414
110,20,0.0,1.2633533477783203,-0.07953739166259766,0.46616578102111816,0.0,-3.6024364739007844,142,413
110,21,0.0,1.2567909955978394,-0.15120938420295715,0.5050129294395447,0.0,-6.860500711398397,124,418
110,22,0.0,1.2591983079910278,-0.1296442449092865,0.5438600778579712,0.0,-5.878333162505145,85,425
110,23,0.0,1.2658545970916748,0.0,0.7380958199501038,0.0,0.0,90,405
110,24,0.0,1.246984839439392,0.21775341033935547,0.7769429683685303,0.0,9.905337994415452,86,404
110,25,0.0,1.4768303632736206,0.0,0.8157901167869568,0.0,0.0,56,407
110,26,-0.1054878830909729,0.8328112959861755,-0.08642949908971786,-0.6992486715316772,-7.218916033493791,-5.878333505828182,87,412
110,27,-0.026371970772743225,0.8432691693305969,-0.019339367747306824,-0.6992486715316772,-1.7912552310233443,-1.3131379737675046,87,412
110,28,-0.07911591231822968,0.6111448407173157,-0.1443595141172409,-0.6604015231132507,-7.376217225903074,-13.184194201133387,130,409
110,29,-0.07911591231822968,0.6183437705039978,-0.10949280858039856,-0.6215543746948242,-7.291270739939481,-9.961958565487611,188,408
110,30,-0.1054878830909729,0.8317928910255432,-0.09573552012443542,-0.5827072262763977,-7.227661097664973,-6.513870449961853,245,412
110,31,-0.13185985386371613,0.8301042318344116,-0.07557982206344604,-0.5438600778579712,-9.025871628924055,-5.1382854928745,298,406
110,32,-0.13185985386371613,0.8293416500091553,-0.08353335410356522,-0.5050129294395447,-9.034034132451218,-5.680698488659216,305,405
110,33,-0.1054878830909729,0.8310056328773499,-0.10234419256448746,-0.46616578102111816,-7.234435755745182,-6.965681761908015,271,406
110,34,-0.1054878830909729,0.832614541053772,-0.08830466866493225,-0.42731863260269165,-7.22060393116873,-6.006333804885303,197,436
110,35,0.0,1.0491454601287842,0.10983245819807053,-0.38847148418426514,0.0,5.97638501411993,119,466
110,36,-0.03296496346592903,1.0528302192687988,0.056844498962163925,-0.3496243357658386,-1.7933911710151045,3.0890069692685977,130,469
110,37,0.0,2.109757661819458,0.0,-0.3496243357658386,0.0,0.0,118,430
110,38,0.0,1.0507316589355469,0.0934470072388649,-0.3107771873474121,0.0,5.0822392411917905,150,427
110,39,0.13185985386371613,1.001033067703247,0.3054754137992859,-0.2719300389289856,7.504014248615623,16.833016515197766,112,432
110,40,0.03296496346592903,0.9933477640151978,-0.35347259044647217,-0.23308289051055908,1.9007043155822136,-19.577621445641697,75,439
110,41,0.0,1.2656464576721191,0.022956157103180885,-0.19423574209213257,0.0,1.0391106471278342,128,478
110,42,-0.07911591231822968,1.2613276243209839,0.07197949290275574,-0.15538859367370605,-3.5891365433384954,3.259732192812963,135,501
110,43,-0.07911591231822968,1.2613325119018555,-0.0718955472111702,-0.11654144525527954,-3.589122672023649,-3.255926191713406,156,519
110,44,-0.07911591231822968,1.231613278388977,-0.281526654958725,-0.07769429683685303,-3.6754947628747394,-12.850063319246692,98,540
110,45,0.07911591231822968,1.2633798122406006,-0.00030282759689725935,-0.038847148418426514,3.5833216840028648,-0.013706742355107961,94,542
111,0,0.0,1.2370890378952026,-0.2683253288269043,0.0,0.0,-12.23792332241857,193,547
111,1,0.13185985386371613,0.7453398704528809,0.37316733598709106,0.038847148418426514,10.032526537250076,26.243834318284414,149,614
111,2,-0.15823182463645935,0.7986530065536499,-0.22200997173786163,0.038847148418426514,-11.206507761301255,-15.25261271511941,149,614
111,3,-0.03955795615911484,1.2360750436782837,-0.2700766324996948,0.038847148418426514,-1.8330041133011665,-12.319047580954955,191,588
111,4,0.19778978824615479,0.8930526375770569,0.5254574418067932,0.07769429683685303,12.488061734273868,29.87577322335038,202,568
111,5,-0.19778978824615479,0.9587080478668213,-0.39309972524642944,0.07769429683685303,-11.6570652853186,-21.879092138772624,202,568
111,6,0.0,1.263306975364685,0.08027118444442749,0.11654144525527954,0.0,3.6357160456980746,227,513
111,7,0.0,1.2551714181900024,0.16411104798316956,0.15538859367370605,0.0,7.449048397812577,193,492
111,8,0.0,1.2518001794815063,0.1881067305803299,0.19423574209213257,0.0,8.5458370682431,136,443
111,9,0.0,1.2591983079910278,0.1296442449092865,0.23308289051055908,0.0,5.878333162505145,134,434
111,10,0.0,1.0545382499694824,0.026805182918906212,0.2719300389289856,0.0,1.4560810905000934,92,430
111,11,0.0,1.2658545970916748,0.0,0.3107771873474121,0.0,0.0,74,435
111,12,0.0,1.2650691270828247,0.04458755999803543,0.3496243357658386,0.0,2.0185631893740394,110,420
111,13,0.03955795615911484,1.2627604007720947,0.07911591231822968,0.38847148418426514,1.794293642052232,3.583321558972172,88,427
111,14,0.0,1.475672960281372,0.058458004146814346,0.42731863260269165,0.0,2.2685558261062915,118,405
111,15,0.0,1.233231782913208,0.28552964329719543,0.5050129294395447,0.0,13.035972286428544,72,432
111,16,0.0,1.262784481048584,0.08810915797948837,0.5438600778579712,0.0,3.9912704923949645,135,430
111,17,0.0,1.265694499015808,-0.020129937678575516,0.5827072262763977,0.0,-0.911170303740467,187,410
111,18,0.0,1.2651845216751099,-0.041182562708854675,0.6215543746948242,0.0,-1.8643558803719726,188,416
111,19,0.0,1.2658545970916748,0.0,0.6604015231132507,0.0,0.0,179,413
111,20,0.0,1.2658445835113525,-0.005036413203924894,0.6992486715316772,0.0,-0.2279613958188697,152,417
111,21,0.0,1.2591983079910278,-0.1296442449092865,0.7380958199501038,0.0,-5.878333162505145,113,413
111,22,0.0,1.264280915260315,-0.06310022622346878,0.7769429683685303,0.0,-2.857259896908221,106,426
111,23,0.0,1.2591983079910278,-0.1296442449092865,0.8157901167869568,0.0,-5.878333162505145,59,419
111,24,0.0,1.2591983079910278,-0.1296442449092865,0.8546372652053833,0.0,-5.878333162505145,75,401
111,25,-0.13185985386371613,1.0128347873687744,-0.26371970772743225,-1.4761916399002075,-7.4175555709862815,-14.477511777662764,61,396
111,26,-0.11867386847734451,1.2577937841415405,0.07911591231822968,-1.4373445510864258,-5.389947376245126,3.5833215266937097,75,396
111,27,-0.15823182463645935,1.2154017686843872,-0.3164636492729187,-1.3984973430633545,-7.417555427100588,-14.477511510134752,62,399
111,28,-0.19778978824615479,1.2275720834732056,0.23734773695468903,-1.2431087493896484,-9.15298897048809,10.80692251960495,72,424
111,29,-0.11867386847734451,1.2577937841415405,0.07911591231822968,-1.2042615413665771,-5.389947376245126,3.5833215266937097,67,437
111,30,-0.09889489412307739,0.6239005923271179,-0.03955795615911484,-0.9323315620422363,-9.007054702816594,-3.5833216316268395,72,416
111,31,-0.11867386847734451,0.619645357131958,-0.05052833631634712,-0.8934844136238098,-10.84194437329904,-4.5789531204264735,142,414
111,32,-0.09889489412307739,0.6250960230827332,-0.008467813022434711,-0.8546372652053833,-8.990111244959763,-0.766572145688797,194,413
111,33,-0.09889489412307739,0.6251304745674133,-0.005358359310775995,-0.8157901167869568,-8.989623883472106,-0.4850715403311895,234,410
111,34,-0.07911591231822968,0.6279401183128357,0.0053711808286607265,-0.7769429683685303,-7.181015695477152,0.4862322827307835,242,409
111,35,-0.07911591231822968,0.6267025470733643,0.03976869583129883,-0.7380958199501038,-7.1950478274468015,3.602436520028717,237,406
111,36,-0.07911591231822968,0.6262626051902771,0.046182673424482346,-0.6992486715316772,-7.200049235703436,4.184407543340813,208,414
111,37,-0.09889489412307739,0.6246455907821655,-0.025191854685544968,-0.6604015231132507,-8.996488026662819,-2.281096694508315,147,424
111,38,-0.1054878830909729,0.8322362899780273,0.0918012410402298,-0.6215543746948242,-7.223851032760243,6.24509271748659,213,414
111,39,-0.07911591231822968,0.6263408064842224,0.04510937258601189,-0.5827072262763977,-7.199159711534278,4.086993402085407,235,413
111,40,-0.09889489412307739,0.623050332069397,0.05123543739318848,-0.5438600778579712,-9.019144478117724,4.6431712344329705,195,409
111,41,-0.07911591231822968,0.6260743737220764,0.04866752400994301,-0.5050129294395447,-7.202191228074705,4.409983275547411,139,418
111,42,0.0,1.0143767595291138,0.2894980311393738,-0.5050129294395447,0.0,15.928480166413491,163,406
111,43,-0.36261460185050964,0.7660748958587646,-0.6280201077461243,-0.5050129294395447,-25.330109614976873,-36.53745131753814,163,406
111,44,0.0,0.9824304580688477,0.38418716192245483,-0.46616578102111816,0.0,21.358374343297527,146,408
111,45,-0.1054878830909729,0.8240484595298767,0.14828628301620483,-0.42731863260269165,-7.29485853176472,10.12025947231437,174,435
111,46,-0.13185985386371613,0.8119597434997559,0.18843230605125427,-0.38847148418426514,-9.224138405336367,12.902148729934664,141,447
111,47,-0.1054878830909729,0.7992523312568665,0.24948015809059143,-0.3496243357658386,-7.518624444783916,17.19511296401089,149,450
111,48,-0.13185985386371613,0.8055822849273682,0.21406210958957672,-0.3107771873474121,-9.295892182914171,14.694033555999267,149,440
111,49,-0.07911591231822968,0.8176052570343018,0.19348056614398956,-0.3107771873474121,-5.527041872424729,13.254021145195805,149,440
111,50,0.07911591231822968,1.2593315839767456,0.10105667263269424,-0.2719300389289856,3.594810418510692,4.578953201633222,103,459
111,51,0.07911591231822968,1.2429343461990356,0.22636845707893372,-0.23308289051055908,3.6421076316736403,10.301419500119136,128,446
111,52,0.0,1.2573974132537842,0.14608141779899597,-0.19423574209213257,0.0,6.626778508566122,148,439
111,53,-0.07911591231822968,1.2597624063491821,0.09553737938404083,-0.15538859367370605,-3.5935842621470626,4.32837891263484,162,443
111,54,0.11867386847734451,1.2519123554229736,0.14498238265514374,-0.11654144525527954,5.415118937571403,6.576701582273313,123,478
111,55,-0.07252292335033417,2.2677834033966064,-0.4875481128692627,-0.11654144525527954,-1.831674827660372,-12.12725273582832,100,435
111,56,0.0,1.2618595361709595,0.1004909798502922,-0.07769429683685303,0.0,4.553266835883292,156,526
111,57,-0.14504584670066833,2.3020031452178955,-0.2560214400291443,-0.07769429683685303,-3.6053570175104537,-6.333715935590807,137,463
111,58,0.0,1.2606661319732666,0.11449328809976578,-0.038847148418426514,0.0,5.189347698515589,164,530
111,59,0.0,2.3156964778900146,0.15282034873962402,-0.038847148418426514,0.0,3.775660219206752,107,481
112,0,0.0,1.2441352605819702,0.2334848791360855,0.0,0.0,10.628976164750794,264,502
112,1,0.0,1.250564455986023,0.19615381956100464,0.038847148418426514,0.0,8.914338779798385,282,547
112,2,0.0,1.2509500980377197,0.19367942214012146,0.07769429683685303,0.0,8.800989220942226,267,514
112,3,0.03955795615911484,1.245613932609558,0.22196638584136963,0.11654144525527954,1.8189764672701185,10.098970236477903,187,486
112,4,0.06592992693185806,1.0407464504241943,0.1589636206626892,0.15538859367370605,3.6247691026796516,8.667131032338538,156,479
112,5,0.03955795615911484,1.2393149137496948,0.254797101020813,0.19423574209213257,1.8282154516952607,11.612092044537144,99,477
112,6,0.0,2.655593156814575,-0.6856712102890015,0.19423574209213257,0.0,-14.477512315326022,84,427
112,7,0.0,1.2521281242370605,0.18591122329235077,0.23308289051055908,0.0,8.445360357979373,180,455
112,8,0.07911591231822968,2.4855494499206543,-0.47469547390937805,0.23308289051055908,1.8231292477441545,-10.806923105092414,54,434
112,9,0.03955795615911484,1.2600241899490356,0.11472592502832413,0.2719300389289856,1.7981874926492045,5.199920827438155,138,435
112,10,0.0,1.4744082689285278,-0.08454728126525879,0.3107771873474121,0.0,-3.281928966174901,97,419
112,11,0.0,1.2657899856567383,0.012787261977791786,0.3496243357658386,0.0,0.5787936623938719,151,415
112,12,0.0,1.2608779668807983,-0.11213640123605728,0.38847148418426514,0.0,-5.082239000881916,103,433
112,13,0.19778978824615479,1.2216978073120117,0.2659353017807007,0.42731863260269165,9.196248967388101,12.12725176537954,115,428
112,14,-0.23734773695468903,1.108740210533142,0.562804639339447,0.46616578102111816,-12.082925832404227,26.39803701584143,86,443
112,15,0.0,1.2375143766403198,0.26635679602622986,0.5050129294395447,0.0,12.146766393719785,94,441
112,16,0.07911591231822968,1.2408039569854736,0.2377692013978958,0.5438600778579712,3.648344046662714,10.82634409285344,106,419
112,17,0.06592992693185806,1.052663803100586,-0.01793273724615574,0.5827072262763977,3.5838401521134413,-0.9740641217825611,121,418
112,18,0.0,1.0516667366027832,0.08225853741168976,0.6215543746948242,0.0,4.472415605793834,118,430
112,19,0.0,1.0540258884429932,0.04241153225302696,0.6604015231132507,0.0,2.304204911671027,139,424
112,20,0.0,1.2588388919830322,0.13308805227279663,0.6992486715316772,0.0,6.03505525493667,164,404
112,21,0.0,1.2613003253936768,0.10728201270103455,0.7380958199501038,0.0,4.861686892648574,155,416
112,22,0.07911591231822968,1.2408039569854736,0.2377692013978958,0.7769429683685303,3.648344046662714,10.82634409285344,117,419
112,23,-0.06592992693185806,1.04452645778656,0.13185985386371613,0.8157901167869568,-3.6116863116852995,7.180755953653309,62,419
112,24,-0.23075474798679352,1.3398619890213013,-0.5766714215278625,0.8934844136238098,-9.771778044620111,-22.984315494670856,84,420
112,25,-0.09230189770460129,1.4071584939956665,-0.438649445772171,0.8934844136238098,-3.7529133177933054,-17.278757171072712,84,420
112,26,-0.18460379540920258,1.3424561023712158,-0.5871635675430298,0.9323315620422363,-7.829750130765754,-23.427205351052052,129,431
112,27,0.0,1.044189453125,0.1497925966978073,0.9711787104606628,0.0,8.163583054007402,93,440
112,28,-0.26371970772743225,1.5458604097366333,-0.6240649223327637,0.9711787104606628,-9.681306997524784,-21.700149108726134,115,426
112,29,-0.026371970772743225,0.842818021774292,0.033685557544231415,1.0100258588790894,-1.7922134373166982,2.287647968028658,111,432
112,30,-0.2109757661819458,1.6205356121063232,-0.4219515323638916,1.0100258588790894,-7.417555786814828,-14.477512178954797,92,412
112,31,0.0,1.041045904159546,0.17027270793914795,1.048872947692871,0.0,9.289006600074082,108,423
112,32,-0.13845284283161163,1.320755958557129,-0.6461132764816284,1.048872947692871,-5.984372715313571,-25.94447989013138,120,420
112,33,-0.09230189770460129,1.4179047346115112,-0.402559757232666,1.0877201557159424,-3.7245505104333216,-15.818065275780608,158,410
112,34,-0.09230189770460129,1.4153568744659424,-0.411428302526474,1.1265673637390137,-3.7312363511833184,-16.175993877876984,140,412
112,35,0.0,0.8843337893486023,0.5750853419303894,1.1654144525527954,0.0,33.03608959143533,90,422
112,36,0.0,1.2633533477783203,0.07953739166259766,1.2042615413665771,0.0,3.6024364739007844,113,418
112,37,0.0,1.4723334312438965,0.1151619479060173,1.2431087493896484,0.0,4.472415432888286,78,405
112,38,0.0,1.4768303632736206,0.0,1.2819559574127197,0.0,0.0,58,403
112,39,-0.27690568566322327,1.3407624959945679,-0.5538113713264465,1.2819559574127197,-11.669146295179061,-22.02431254388517,58,403
112,40,0.0,1.25199294090271,-0.1868194043636322,1.3208030462265015,0.0,-8.486919825176399,73,413
112,41,0.0,1.2658545970916748,0.0,1.3596501350402832,0.0,0.0,104,412
112,42,0.07911591231822968,1.2460832595825195,0.2083386927843094,1.3984973430633545,3.632928527244947,9.473036101054989,127,400
112,43,0.0,1.2434844970703125,0.23692627251148224,1.4373445510864258,0.0,10.787502897511425,86,408
112,44,0.0,1.4732484817504883,0.10279402136802673,1.4761916399002075,0.0,3.991270851181581,96,400
112,45,0.03955795615911484,1.2334243059158325,-0.28193530440330505,1.5150387287139893,1.83694070504057,-12.869035624745566,98,412
112,46,-0.03955795615911484,1.2568238973617554,-0.145659938454628,1.5150387287139893,-1.8027632598606134,-6.60757350840868,98,412
112,47,0.0,1.4723334312438965,-0.1151619479060173,1.5538859367370605,0.0,-4.472415432888286,83,403
112,48,-0.3230566382408142,1.107070803642273,-0.9225272536277771,1.5538859367370605,-16.267883008078257,-38.65775373117312,83,403
112,49,0.0,1.0325121879577637,0.21607375144958496,1.5927331447601318,0.0,11.819710013962274,84,409
112,50,-0.09230189770460129,1.343680739402771,-0.605830192565918,1.5927331447601318,-3.9296643009634677,-24.218862337223655,91,408
112,51,-0.13845284283161163,1.3024814128875732,-0.682202935218811,1.6315802335739136,-6.067714734304664,-27.512184997590225,126,401
112,52,0.0,1.2654765844345093,-0.030934007838368416,1.6704273223876953,0.0,-1.4002907844636454,104,419
112,53,-0.09230189770460129,1.4623370170593262,-0.18460379540920258,1.7092745304107666,-3.6116863704141613,-7.180756069046116,80,416
112,54,0.0,1.4299348592758179,-0.36920759081840515,1.748121738433838,0.0,-14.477512117675756,100,398
112,55,0.0,0.7547178268432617,0.37758883833885193,1.7869688272476196,0.0,26.579013641064996,102,410
112,56,-0.09230189770460129,1.4476045370101929,-0.27739739418029785,1.7869688272476196,-3.648344246414253,-10.826344386907316,122,401
112,57,-0.05274394154548645,0.7430083751678467,0.39664724469184875,1.8258159160614014,-4.060444706095117,28.035280969927296,99,420
112,58,-0.18460379540920258,1.4014462232589722,-0.4276655912399292,1.8258159160614014,-7.50401462723325,-16.83301775456521,121,407
112,59,0.0,0.5807525515556335,0.25164151191711426,1.8646631240844727,0.0,23.427203779594613,76,430
112,60,0.0,0.8413333892822266,0.06580682843923569,1.903510332107544,0.0,4.472415504932264,85,405
112,61,-0.18460379540920258,1.4179686307907104,-0.36920759081840515,1.903510332107544,-7.4175559409780805,-14.477512465591982,56,400
112,62,0.0,0.9872012734413147,0.37175658345222473,1.9812045097351074,0.0,20.635183760603045,80,401
112,63,0.0,0.8439030647277832,0.0,2.05889892578125,0.0,0.0,75,401
112,64,0.0,1.054878830909729,0.0,2.097745895385742,0.0,0.0,108,391
112,65,0.0,1.0516667366027832,0.08225853741168976,2.1365931034088135,0.0,4.472415605793834,97,400
112,66,0.0,0.9563385248184204,0.44518089294433594,2.1754403114318848,0.0,24.962239396079056,84,396
112,67,0.09889489412307739,1.004718542098999,0.30582666397094727,2.1754403114318848,5.6215409366926234,16.852949415803533,84,396
112,68,0.0,0.7308414578437805,0.4219515323638916,2.214287519454956,0.0,30.000001206874515,84,421
112,69,0.0,0.7308414578437805,0.4219515323638916,2.2531347274780273,0.0,30.000001206874515,97,411
112,70,-0.03955795615911484,0.528356671333313,0.34622442722320557,2.2919816970825195,-4.281734846411966,33.16287011893406,89,405
112,71,-0.03955795615911484,0.49249258637428284,0.39557957649230957,2.330828905105591,-4.5922488554538345,38.68218833122092,79,403
112,72,0.0,1.054878830909729,0.0,2.4085230827331543,0.0,0.0,53,413
112,73,0.15823182463645935,1.0847827196121216,0.6329272985458374,-1.4761916399002075,8.298921204805092,30.000000412444887,90,397
112,74,0.07911591231822968,1.1999911069869995,0.3951580822467804,-1.4373445510864258,3.772075366315959,18.18987482254842,80,405
112,75,0.03955795615911484,1.2478951215744019,0.20876015722751617,-1.3596501350402832,1.8156535524813437,9.492376809488906,62,399
112,76,0.046150948852300644,1.4431349039077759,0.3102578818798065,-1.048872947692871,1.831674719891115,12.12725233986566,57,404
112,77,0.07911591231822968,1.2153469324111938,0.34505119919776917,-0.9711787104606628,3.724550458390422,15.818064139078658,93,406
112,78,0.03955795615911484,1.2191412448883057,0.33840441703796387,-0.9323315620422363,1.8584466986626398,15.505613165642261,121,400
112,79,0.07911591231822968,1.1459678411483765,0.5318706035614014,-0.8934844136238098,3.9493485952630634,24.845144277974093,100,412
112,80,0.07911591231822968,1.1708085536956787,0.47469547390937805,-0.8546372652053833,3.865813197890004,22.024313375971534,76,412
112,81,0.0,1.2658545970916748,0.0,-0.7380958199501038,0.0,0.0,62,404
112,82,0.15823182463645935,1.1971975564956665,0.3795638680458069,-0.6992486715316772,7.529060040814765,17.448468155371383,109,410
112,83,0.07911591231822968,1.1708085536956787,0.47469547390937805,-0.6604015231132507,3.865813197890004,22.024313375971534,86,407
112,84,0.19778978824615479,1.1860792636871338,0.39557957649230957,-0.6604015231132507,9.467488097366502,18.209956651468595,86,407
112,85,0.0,1.2484514713287354,0.20918165147304535,-0.5827072262763977,0.0,9.51171959131598,138,408
112,86,0.0,1.2605222463607788,0.11606734246015549,-0.5438600778579712,0.0,5.260890425733646,158,405
112,87,0.0,1.265825629234314,-0.00857177097350359,-0.5050129294395447,0.0,-0.3879829750475565,146,398
112,88,0.07911591231822968,1.253431797027588,0.15823182463645935,-0.46616578102111816,3.6116861746512954,7.180755684403435,75,404
112,89,0.19778978824615479,1.245659351348877,-0.10770349204540253,-0.46616578102111816,9.02228723400111,-4.880833084624587,75,404
112,90,-0.07911591231822968,1.261411190032959,0.07050029933452606,-0.42731863260269165,-3.5888993924218924,3.192673808111312,152,415
112,91,-0.11867386847734451,1.2598650455474854,0.03231849893927574,-0.38847148418426514,-5.381138176546251,1.4629759187034193,198,395
112,92,-0.23075474798679352,1.4586912393569946,0.0004917227779515088,-0.3496243357658386,-8.989299577376935,0.019077099031697263,161,402
112,93,0.0,1.2588388919830322,0.13308805227279663,-0.3107771873474121,0.0,6.03505525493667,177,407
112,94,0.0,1.2658172845840454,0.009730814024806023,-0.2719300389289856,0.0,0.4404455524678231,251,414
112,95,-0.03955795615911484,1.2647744417190552,-0.03418517857789993,-0.23308289051055908,-1.791438252091006,-1.5474957589412663,240,411
112,96,0.0,1.2640101909637451,0.06830868870019913,-0.19423574209213257,0.0,3.0933264891105994,213,424
112,97,-0.07911591231822968,1.2493999004364014,-0.18742583692073822,-0.15538859367370605,-3.6233103270985367,-8.514673217501096,220,449
112,98,-0.03955795615911484,1.2650223970413208,-0.02326931804418564,-0.11654144525527954,-1.7910873434463348,-1.0532874604620581,241,474
112,99,0.0,2.5317091941833496,0.0,-0.11654144525527954,0.0,0.0,58,441
112,100,0.0,1.2638969421386719,0.07037409394979477,-0.07769429683685303,0.0,3.1869523866585876,257,510
112,101,0.14504584670066833,2.2861547470092773,-0.3718355596065521,-0.07769429683685303,3.630283963215911,-9.219857495898998,73,467
112,102,0.03955795615911484,1.2630726099014282,0.07396376132965088,-0.038847148418426514,1.793850414324279,3.3496946686174756,231,544
113,0,0.03955795615911484,1.2585184574127197,0.1302090734243393,0.0,1.8003374878463587,5.904034589894642,258,488
113,1,0.03955795615911484,1.2612336874008179,0.10056235641241074,0.038847148418426514,1.7964641979129172,4.556507601921614,265,499
113,2,0.03955795615911484,1.2611370086669922,0.1017666682600975,0.07769429683685303,1.7966018245655793,4.611192990946074,262,488
113,3,-0.14504584670066833,2.304880380630493,-0.22867423295974731,0.07769429683685303,-3.6008682160385446,-5.65483441430403,82,447
113,4,0.0,1.255726933479309,0.15980571508407593,0.11654144525527954,0.0,7.252562583755019,240,470
113,5,-0.07252292335033417,2.3012914657592773,-0.29086437821388245,0.11654144525527954,-1.8050224134350203,-7.1999836314676084,97,438
113,6,0.03955795615911484,1.2629612684249878,0.07584010064601898,0.15538859367370605,1.794008455149724,3.4347717859000446,141,464
113,7,-0.23734773695468903,1.073434829711914,0.6275283694267273,0.15538859367370605,-12.468095241044361,29.718222888800693,141,464
113,8,-0.03296496346592903,1.029171109199524,0.22910572588443756,0.19423574209213257,-1.8345907042762137,12.543852305164457,196,455
113,9,-0.05274394154548645,0.8090279698371887,0.23423103988170624,0.23308289051055908,-3.730074589828985,16.114441565238632,157,466
113,10,0.0,1.6626465320587158,0.29033786058425903,0.23308289051055908,0.0,9.905336865917544,61,446
113,11,-0.05274394154548645,0.7909898161888123,0.28935375809669495,0.2719300389289856,-3.814888809863815,20.052167106994794,142,453
113,12,0.0,1.6579793691635132,-0.3159016966819763,0.2719300389289856,0.0,-10.787502645036453,55,433
113,13,0.1054878830909729,1.684075117111206,-0.03811676800251007,0.2719300389289856,3.584236996778804,-1.2940559723880567,55,433
113,14,-0.07911591231822968,0.8049193024635315,0.2408691793680191,0.3107771873474121,-5.613598867350707,16.584123426878755,213,427
113,15,-0.07911591231822968,0.8049662113189697,0.24071256816387177,0.3496243357658386,-5.613273827979808,16.573028149549366,167,436
113,16,-0.05274394154548645,0.8030427694320679,0.25399357080459595,0.38847148418426514,-3.757796043589827,17.516162790434297,211,431
113,17,-0.06592992693185806,1.0072726011276245,0.30630791187286377,0.42731863260269165,-3.7448907403227123,16.880264255760288,216,436
113,18,-0.06592992693185806,1.0082600116729736,0.3030420243740082,0.46616578102111816,-3.741233709657139,16.694980278371155,207,454
113,19,-0.05274394154548645,0.8016980886459351,0.25820645689964294,0.5050129294395447,-3.7640808556482384,17.816348896473976,161,493
113,20,-0.05274394154548645,0.8050591349601746,0.24752824008464813,0.5438600778579712,-3.7484110663296817,17.05644079686361,153,498
113,21,-0.05274394154548645,0.8014316558837891,0.2590324282646179,0.5827072262763977,-3.7653286101676193,17.87526056967695,156,502
113,22,-0.05274394154548645,0.7935619950294495,0.282223105430603,0.6215543746948242,-3.8025599162839385,19.53763472251292,160,500
113,23,-0.05274394154548645,0.8021214604377747,0.2568882405757904,0.6604015231132507,-3.7620998240171333,17.722366463232547,171,469
113,24,-0.05274394154548645,0.7882096767425537,0.2968432903289795,0.6992486715316772,-3.8283045799586235,20.594418850106646,150,420
113,25,-0.05274394154548645,0.7661479711532593,0.34986820816993713,0.7380958199501038,-3.938200931439094,24.493084118229945,118,412
113,26,-0.09889489412307739,1.011663556098938,0.2820036709308624,0.7769429683685303,-5.583194040514928,15.505611562944459,90,430
113,27,-0.06592992693185806,0.9756738543510437,0.39557957649230957,0.8157901167869568,-3.865812962440674,22.02431291499231,63,416
113,28,0.0,0.7897610068321228,0.29740527272224426,0.8546372652053833,0.0,20.63518442454946,59,410
113,29,-0.07911591231822968,0.7800953984260559,0.31203246116638184,0.8934844136238098,-5.791037140936443,21.70014853934164,111,396
113,30,-0.13185985386371613,0.7367616295814514,0.38983026146888733,0.8934844136238098,-10.14692335061913,27.512186217936588,111,396
113,31,0.0,0.9135518670082092,0.5274394154548645,0.9323315620422363,0.0,29.999999992838863,92,400
113,32,0.0,0.8339647650718689,0.6459659934043884,2.4085230827331543,0.0,37.760370731231156,152,399
113,33,0.0,0.8608354926109314,0.6096979379653931,2.4473702907562256,0.0,35.308530380744,133,409
113,34,0.09889489412307739,0.8358902335166931,0.6358275413513184,2.4473702907562256,6.747347821591729,37.06706104381807,133,409
113,35,0.13185985386371613,0.9588971734046936,-0.419402539730072,-2.4473702907562256,7.829750474092442,-23.427205837507696,83,403
113,36,-0.2966846823692322,0.8201587796211243,-0.5933693647384644,-2.4473702907562256,-19.887111511079908,-34.2288664401979,83,403
113,37,0.16482481360435486,0.9801322817802429,-0.35347259044647217,-2.4085230827331543,9.545879195337308,-19.577621080528925,94,395
113,38,0.16482481360435486,0.9801322817802429,-0.35347259044647217,-2.369676113128662,9.545879195337308,-19.577621080528925,101,401
113,39,0.2966846823692322,0.8023847341537476,-0.6171923279762268,-2.369676113128662,20.29205744806152,-35.808896274107006,101,401
113,40,0.19778978824615479,0.9275414943695068,-0.461860716342926,-2.330828905105591,12.037509865114783,-25.965696781029063,84,406
113,41,0.13185985386371613,1.0128347873687744,-0.26371970772743225,-2.2919816970825195,7.4175555709862815,-14.477511777662764,83,405
113,42,0.23075474798679352,0.9077301025390625,-0.4853324592113495,-2.2919816970825195,14.263083967623608,-27.392503567582054,83,405
113,43,0.16482481360435486,0.9801322817802429,-0.35347259044647217,-2.2531347274780273,9.545879195337308,-19.577621080528925,92,401
113,44,0.26371970772743225,0.9867488145828247,-0.26371970772743225,-2.214287519454956,14.963217129923033,-14.477511912208755,90,401
113,45,0.19778978824615479,1.0277458429336548,-0.13185985386371613,-2.1754403114318848,10.893395121427442,-7.180755818331867,102,400
113,46,0.26371970772743225,1.0051333904266357,-0.1814611703157425,-2.1365931034088135,14.701487935060952,-9.905337221667638,95,407
113,47,0.19778978824615479,0.957687497138977,-0.39557957649230957,-2.097745895385742,11.669147028057443,-22.02431377748559,62,417
113,48,0.23075474798679352,1.0051912069320679,-0.22161276638507843,-2.05889892578125,12.928984089329669,-12.12725288467608,82,410
113,49,0.26371970772743225,0.9867488145828247,-0.26371970772743225,-2.0200517177581787,14.963217129923033,-14.477511912208755,82,420
113,50,0.13185985386371613,0.9588971734046936,-0.419402539730072,-1.9812045097351074,7.829750474092442,-23.427205837507696,79,416
113,51,0.16482481360435486,0.9960282444953918,-0.30582666397094727,-1.9423574209213257,9.396271443295875,-16.852949929809927,69,418
113,52,0.23075474798679352,0.9077301025390625,-0.4853324592113495,-1.9423574209213257,14.263083967623608,-27.392503567582054,69,418
113,53,0.13185985386371613,1.0128347873687744,0.26371970772743225,-1.8646631240844727,7.4175555709862815,14.477511777662764,84,380
113,54,0.23075474798679352,0.9200709462165833,0.46150949597358704,-1.8646631240844727,14.079431641013068,25.94448066836911,84,380
113,55,0.0,0.9135518670082092,0.5274394154548645,-0.9711787104606628,0.0,29.999999992838863,53,400
113,56,0.0,1.25199294090271,0.1868194043636322,-0.6215543746948242,0.0,8.486919825176399,67,397
113,57,0.07911591231822968,1.2332431077957153,0.27429917454719543,-0.5827072262763977,3.6706505914430947,12.514747491014512,131,405
113,58,0.07911591231822968,1.2448809146881104,0.21540698409080505,-0.5438600778579712,3.636427912652436,9.797542550031206,147,412
113,59,0.03955795615911484,1.2494263648986816,0.19939130544662476,-0.5050129294395447,1.8134298520762435,9.062696983893094,120,399
113,60,0.0,1.2601276636123657,0.12027537822723389,-0.46616578102111816,0.0,5.452192363384452,130,397
113,61,0.03296496346592903,1.0476818084716797,0.11851344257593155,-0.42731863260269165,1.8021982730156811,6.450680802108359,108,412
113,62,0.06592992693185806,1.049443006515503,-0.08421389013528824,-0.38847148418426514,3.594810350631657,-4.578952913958324,113,409
113,63,0.03955795615911484,1.2647335529327393,0.0356685146689415,-0.3496243357658386,1.79149613147892,1.614660781205205,188,413
113,64,0.0,2.2470405101776123,0.5801833868026733,-0.3496243357658386,0.0,14.477512724979547,67,392
113,65,0.11867386847734451,1.259874939918518,-0.03192881494760513,-0.3107771873474121,5.381096164090873,-1.4453322013225747,180,427
113,66,0.14504584670066833,2.2281360626220703,0.6325939297676086,-0.3107771873474121,3.724550616052955,15.818065536216018,71,405
113,67,0.07911591231822968,1.2633767127990723,0.002783453091979027,-0.2719300389289856,3.5833304520592018,0.12598622863843353,208,430
113,68,0.07911591231822968,1.2627828121185303,0.03883613646030426,-0.23308289051055908,3.585011337732619,1.758097523725974,216,430
113,69,0.03955795615911484,1.2636959552764893,0.062413934618234634,-0.19423574209213257,1.792966136489794,2.826158422390889,226,439
113,70,0.03955795615911484,1.260602593421936,0.10818623006343842,-0.15538859367370605,1.7973629698901488,4.902763015064506,254,472
113,71,0.03955795615911484,1.2646971940994263,-0.03693166375160217,-0.11654144525527954,1.7915476017136636,-1.6718577607766896,185,537
113,72,0.07911591231822968,1.189774751663208,0.42492902278900146,-0.07769429683685303,3.804370701194083,19.61422710180674,147,558
113,73,0.09889489412307739,1.0279054641723633,0.21540534496307373,-0.038847148418426514,5.495518493663181,11.782621444792563,232,548
114,0,0.03955795615911484,1.25370192527771,0.1704537570476532,0.0,1.8072495326742046,7.73867562238576,238,515
114,1,0.059336934238672256,0.629144549369812,0.03540142625570297,0.038847148418426514,5.387838158218148,3.206389332724949,76,520
114,2,0.07911591231822968,1.2623189687728882,0.05176202952861786,0.038847148418426514,3.586325224746438,2.343533765318377,108,513
114,3,0.0,1.0122793912887573,0.2967487871646881,0.07769429683685303,0.0,16.338451319331075,171,511
114,4,0.0,0.9961835741996765,0.34696921706199646,0.11654144525527954,0.0,19.20314911038675,201,495
114,5,0.0,0.9773856401443481,0.3968459367752075,0.15538859367370605,0.0,22.098529728229657,217,435
114,6,0.0,1.2336161136627197,0.2838646471500397,0.19423574209213257,0.0,12.958628666619894,121,437
114,7,-0.07911591231822968,1.2126479148864746,0.35442009568214417,0.3107771873474121,-3.7328168617747726,16.259299689700352,88,430
114,8,-0.11867386847734451,1.2375659942626953,0.238190695643425,0.3496243357658386,-5.477513549644057,10.845768666256571,131,421
114,9,0.0,1.2656570672988892,0.0223622377961874,0.38847148418426514,0.0,1.0122240689483024,128,406
114,10,0.03955795615911484,1.264227032661438,-0.05052833631634712,0.42731863260269165,1.7922134373166982,-2.2876479680286574,98,405
114,11,-0.11867386847734451,1.2175312042236328,-0.3254568874835968,0.42731863260269165,-5.567085763217102,-14.898321120689166,98,405
114,12,0.0,1.4690645933151245,-0.15125161409378052,0.46616578102111816,0.0,-5.878333365535433,69,410
114,13,0.0,0.9872012734413147,0.37175658345222473,0.5438600778579712,0.0,20.635183760603045,78,413
114,14,-0.06592992693185806,0.9549731612205505,0.44322553277015686,0.5827072262763977,-3.9493487590754186,24.845146651558245,175,408
114,15,0.0,0.9757842421531677,0.40076732635498047,0.6215543746948242,0.0,22.328596028537433,183,404
114,16,0.0,1.8987818956375122,0.0,0.6215543746948242,0.0,0.0,57,396
114,17,0.35602161288261414,1.7238374948501587,0.7120432257652283,0.6215543746948242,11.669146838051939,22.024313457663265,57,396
114,18,-0.06592992693185806,0.9999926090240479,0.3292984068393707,0.6604015231132507,-3.772075291587367,18.18987474270916,108,399
114,19,-0.2109757661819458,1.6205356121063232,-0.4219515323638916,0.6604015231132507,-7.417555786814828,-14.477512178954797,63,400
114,20,0.0,1.054878830909729,0.0,-0.42731863260269165,0.0,0.0,57,409
114,21,0.0,1.264562726020813,-0.057175152003765106,-0.38847148418426514,0.0,-2.5887726439612506,82,411
114,22,-0.19778978824615479,1.2327555418014526,-0.20876015722751617,-0.38847148418426514,-9.115150146363897,-9.492376929565102,82,411
114,23,-0.15823182463645935,1.1990598440170288,-0.3736388087272644,-0.3496243357658386,-7.517500326091355,-17.1675666033372,98,411
114,24,0.19778978824615479,1.0277458429336548,0.7120432257652283,-0.3496243357658386,10.893395121427442,34.228867032076366,98,411
114,25,-0.15823182463645935,1.2391936779022217,-0.20432725548744202,-0.3107771873474121,-7.276683132140194,-9.28900682449604,112,420
114,26,0.03296496346592903,0.979566752910614,0.3900405466556549,-0.2719300389289856,1.9274242990190535,21.700147393986605,114,418
114,27,0.03955795615911484,1.2251286506652832,0.3160421848297119,-0.23308289051055908,1.8493704856759172,14.45781162256135,186,419
114,28,0.0,1.2544139623641968,0.1698041558265686,-0.19423574209213257,0.0,7.709003808155889,212,432
114,29,0.0,1.2447961568832397,0.22993598878383636,-0.15538859367370605,0.0,10.465582729970885,196,445
114,30,-0.03955795615911484,1.2486318349838257,0.20430782437324524,-0.11654144525527954,-1.8145830032910977,9.288115435209573,231,477
114,31,0.03955795615911484,1.261650562286377,0.09518901258707047,-0.07769429683685303,1.7958709985391892,4.312566174097148,233,533
114,32,0.0,1.259520411491394,0.1264754831790924,-0.038847148418426514,0.0,5.734167875055253,252,549
115,0,-0.03955795615911484,1.1780365705490112,0.46157658100128174,0.0,-1.9232447239552828,21.3852033764952,230,503
115,1,-0.03955795615911484,1.1737501621246338,0.47237011790275574,0.038847148418426514,-1.9302629018437545,21.910821805317937,224,554
115,2,0.03296496346592903,1.0022616386413574,0.3273443281650543,0.07769429683685303,1.8838121417883522,18.07819189720193,220,533
115,3,0.06592992693185806,2.10870623588562,-0.00938590057194233,0.07769429683685303,1.7908024999678471,-0.25489861102415506,69,509
115,4,0.19778978824615479,2.1002118587493896,0.032657213509082794,0.07769429683685303,5.380025825471444,0.8869242765036148,69,509
115,5,0.0,1.0217941999435425,0.26211822032928467,0.11654144525527954,0.0,14.387692780751866,245,464
115,6,0.0,1.0019325017929077,0.3300008475780487,0.15538859367370605,0.0,18.230040357887088,213,441
115,7,0.0,0.9569207429885864,0.44392797350883484,0.19423574209213257,0.0,24.88719839826695,165,427
115,8,0.0,0.9319756627082825,0.49415650963783264,0.23308289051055908,0.0,27.93363952716276,185,418
115,9,-0.03296496346592903,0.9303469657897949,0.4961220920085907,0.2719300389289856,-2.0293111110211535,28.05454681398682,165,408
115,10,0.0,0.9433973431587219,0.4719860553741455,0.3107771873474121,0.0,26.579012554448838,123,406
115,11,0.0,1.2658545970916748,0.0,-0.3496243357658386,0.0,0.0,63,392
115,12,0.0,1.0433274507522583,-0.15568283200263977,-0.2719300389289856,0.0,-8.486919558344967,63,408
115,13,0.0,1.0510835647583008,-0.08940167725086212,-0.23308289051055908,0.0,-4.861687075564697,124,392
115,14,0.0,1.264562726020813,-0.057175152003765106,-0.19423574209213257,0.0,-2.5887726439612506,150,414
115,15,0.0,1.264251708984375,-0.06368203461170197,-0.15538859367370605,0.0,-2.883627175519403,203,408
115,16,0.0,1.2634261846542358,-0.07837246358394623,-0.11654144525527954,0.0,-3.5496059181603576,239,411
115,17,0.0,1.0505121946334839,-0.0958830788731575,-0.07769429683685303,0.0,-5.215090438984504,220,433
115,18,0.15823182463645935,1.245618462562561,0.16057825088500977,-0.038847148418426514,7.239549894284349,7.28781280981455,183,462
116,0,0.06592992693185806,1.051777720451355,0.046757835894823074,0.0,3.586851521951523,2.540485720137965,200,533
116,1,0.06592992693185806,1.0468069314956665,0.11232952028512955,0.038847148418426514,3.6038389947228384,6.112771155439988,228,575
116,2,0.06592992693185806,1.0423274040222168,0.148243710398674,0.07769429683685303,3.6192858466213056,8.078603274997242,247,568
116,3,0.03955795615911484,1.2584508657455444,0.13086053729057312,0.11654144525527954,1.8004341207206027,5.933679620923087,238,525
116,4,0.03955795615911484,1.2634702920913696,0.06682682037353516,0.15538859367370605,1.7932861616529594,3.026157627919379,232,487
116,5,0.03955795615911484,1.25459885597229,0.16372138261795044,0.19423574209213257,1.8059583599878797,7.431261198879771,208,450
116,6,0.07252292335033417,2.3196001052856445,-0.000772707222495228,0.19423574209213257,1.7907846571006378,-0.019077097847084917,58,426
116,7,-0.2175687700510025,2.269167900085449,-0.435137540102005,0.19423574209213257,-5.476801478862321,-10.80692328305603,58,426
116,8,0.09889489412307739,0.9493772983551025,0.4490789473056793,0.23308289051055908,5.9469481701560865,25.19600128972531,157,423
116,9,0.03955795615911484,1.2232835292816162,0.3231104612350464,0.2719300389289856,1.8521580145011152,14.788449992835204,107,411
116,10,0.0,1.2165167331695557,0.34996408224105835,0.3107771873474121,0.0,16.04931859976448,108,415
116,11,0.07911591231822968,1.230144739151001,0.28787606954574585,0.3496243357658386,3.6798704967782325,13.145010053337872,113,415
116,12,0.0,1.2023190259933472,0.39600104093551636,0.38847148418426514,0.0,18.230041045274284,102,402
116,13,-0.11867386847734451,1.2248154878616333,0.29686930775642395,0.38847148418426514,-5.5341830661033455,13.563380809911282,102,402
116,14,0.03955795615911484,1.1232249736785889,0.5823989510536194,0.42731863260269165,2.017020296166511,27.392504162381712,102,402
116,15,0.0,1.2116162776947021,0.36657050251960754,0.46616578102111816,0.0,16.83301719396295,112,401
116,16,0.0,1.3820817470550537,0.5204592347145081,0.6215543746948242,0.0,20.635184898796908,53,401
116,17,0.0,1.2256584167480469,0.3164636492729187,0.6992486715316772,0.0,14.477512503083895,65,414
116,18,0.0,1.2591983079910278,0.1296442449092865,0.7380958199501038,0.0,5.878333162505145,71,410
116,19,-0.06592992693185806,0.9461011290550232,0.461860716342926,-0.5050129294395447,-3.986264803660661,25.965695808715775,119,410
116,20,0.0,0.9312319159507751,0.49555671215057373,-0.46616578102111816,0.0,28.01975458530398,192,407
116,21,-0.06592992693185806,0.9494139552116394,0.4550118148326874,-0.42731863260269165,-3.9723999869724267,25.55265269191185,233,419
116,22,-0.03296496346592903,0.952944815158844,0.45119717717170715,-0.38847148418426514,-1.981227448191315,25.323216376121298,252,427
116,23,-0.03296496346592903,0.9483432173728943,0.4607904851436615,-0.3496243357658386,-1.990833140686803,25.901057330513638,224,427
116,24,0.0,0.9394506812095642,0.4797934591770172,-0.3107771873474121,0.0,27.05417483953126,155,418
116,25,0.0,1.2591983079910278,0.1296442449092865,-0.23308289051055908,0.0,5.878333162505145,116,431
116,26,0.0,1.2094552516937256,0.3736388087272644,-0.19423574209213257,0.0,17.16756557609894,89,429
116,27,-0.11867386847734451,1.1056981086730957,0.6047611832618713,-0.15538859367370605,-6.126067818024496,28.538509788690007,78,451
116,28,0.03955795615911484,1.2572182416915894,0.14221613109111786,-0.11654144525527954,1.8021981705527552,6.450680438569935,130,447
116,29,0.0,1.2441645860671997,0.23332872986793518,-0.07769429683685303,0.0,10.621784893551183,137,459
116,30,0.07911591231822968,1.258614420890808,-0.10962844640016556,-0.038847148418426514,3.596853378774233,-4.9682843273272,148,494
117,0,0.03955795615911484,0.5897443294525146,-0.22634875774383545,0.0,3.8374491811652973,-20.954229574419283,80,574
117,1,0.11867386847734451,1.128641128540039,0.5607793927192688,0.0,6.002455584255437,26.295743783424424,163,527
117,2,0.0,2.2514054775238037,-0.563007116317749,0.0,0.0,-14.039973858347418,126,455
117,3,0.1054878830909729,0.8244001269340515,-0.1463186889886856,0.038847148418426514,7.291780235569334,-9.98458897108969,142,606
117,4,0.15823182463645935,0.8277342319488525,-0.04462188854813576,0.07769429683685303,10.822244315135704,-3.030962707219534,173,563
117,5,-0.15823182463645935,0.6473096609115601,0.517808198928833,0.07769429683685303,-13.736316279472472,37.84934051873041,173,563
117,6,-0.07911591231822968,1.2119886875152588,0.3566678762435913,0.07769429683685303,-3.7348414781137826,16.365307359226325,225,533
117,7,0.13185985386371613,0.8105897307395935,0.19424109160900116,0.11654144525527954,9.239459868329714,13.307075677962382,156,505
117,8,-0.07911591231822968,1.2578543424606323,-0.11803033202886581,0.11654144525527954,-3.599021123489797,-5.350122469107128,174,496
117,9,0.07252292335033417,2.315060615539551,0.14504584670066833,0.11654144525527954,1.7942938264926744,3.5833219262319544,56,489
117,10,-0.03955795615911484,1.253035545349121,0.17528502643108368,0.15538859367370605,-1.8082100126367409,7.959419514249646,214,467
117,11,0.0,2.3198487758636475,-0.06407468765974045,0.15538859367370605,0.0,-1.5821186654579065,90,441
117,12,0.03955795615911484,1.2596533298492432,0.11872923374176025,0.19423574209213257,1.7987165572470818,5.381895869248531,240,426
117,13,0.0,2.295320510864258,0.34250226616859436,0.19423574209213257,0.0,8.486919997255637,59,405
117,14,0.0,1.2565354108810425,0.15331897139549255,0.23308289051055908,0.0,6.956684197326705,176,430
117,15,-0.03955795615911484,1.2553560733795166,0.15781034529209137,0.2719300389289856,-1.8048697458594845,7.16152828371145,129,417
117,16,0.19778978824615479,1.1860792636871338,0.39557957649230957,0.3496243357658386,9.467488097366502,18.209956651468595,78,411
117,17,0.07911591231822968,1.0763487815856934,0.6615148782730103,0.3496243357658386,4.203907336334118,31.50571469022952,78,411
117,18,0.03955795615911484,1.201806902885437,0.39557957649230957,0.42731863260269165,1.88523292297383,18.209957571128275,75,419
117,19,-0.07911591231822968,1.253431797027588,0.15823182463645935,0.42731863260269165,-3.6116861746512954,7.180755684403435,75,419
117,20,0.0,1.2256584167480469,0.3164636492729187,0.46616578102111816,0.0,14.477512503083895,58,415
117,21,0.07911591231822968,1.1708085536956787,0.47469547390937805,0.6215543746948242,3.865813197890004,22.024313375971534,52,405
117,22,-0.09230189770460129,1.4623370170593262,-0.18460379540920258,-0.6992486715316772,-3.6116863704141613,-7.180756069046116,69,409
117,23,-0.2109757661819458,1.6205356121063232,-0.4219515323638916,-0.6604015231132507,-7.417555786814828,-14.477512178954797,99,403
117,24,-0.11867386847734451,1.196587324142456,0.39557957649230957,-0.5438600778579712,-5.663898357669036,18.20995729093768,88,408
117,25,-0.07911591231822968,1.2543038129806519,0.15116353332996368,-0.5050129294395447,-3.60918190072374,6.85841061179444,143,412
117,26,-0.06592992693185806,1.0006827116012573,0.3271954357624054,-0.46616578102111816,-3.76948145102695,18.06968414491426,187,409
117,27,-0.06592992693185806,0.9956572651863098,0.34218302369117737,-0.42731863260269165,-3.7884521356060414,18.92809859729686,202,400
117,28,-0.13185985386371613,0.9554443955421448,0.42720991373062134,-0.38847148418426514,-7.857692739563,23.890176198769318,129,400
117,29,0.0,1.2210040092468262,0.33397147059440613,-0.3496243357658386,0.0,15.297492816184384,115,415
117,30,0.0,1.3388738632202148,0.6232532262802124,-0.3107771873474121,0.0,24.96223972858746,69,417
117,31,0.09230189770460129,1.3659433126449585,0.5538113713264465,-0.3107771873474121,3.865813197890004,22.024312840047173,69,417
117,32,0.0,1.473912239074707,0.09279362112283707,-0.2719300389289856,0.0,3.6024363777391386,87,423
117,33,0.046150948852300644,1.470751166343689,-0.12565407156944275,-0.23308289051055908,1.7973041771216973,-4.880833376685978,68,437
117,34,0.23075474798679352,1.4557679891586304,0.09230189770460129,-0.23308289051055908,9.007054874852997,3.583321776258286,68,437
117,35,0.0,1.2558196783065796,0.1590747833251953,-0.19423574209213257,0.0,7.219213503353327,99,434
117,36,0.0,1.1384847164154053,0.5533899068832397,-0.15538859367370605,0.0,25.92326657101676,125,433
117,37,0.0,1.2599461078643799,0.12216272950172424,-0.07769429683685303,0.0,5.53801300425763,209,457
117,38,0.03955795615911484,1.2586215734481812,0.12920880317687988,-0.038847148418426514,1.8001900872989358,5.858520130552947,220,495
118,0,0.11867386847734451,1.2444627285003662,0.19903989136219025,0.0,5.447340614134639,9.046590720672691,215,515
118,1,-0.07252292335033417,2.311180591583252,0.19745640456676483,0.0,-1.7973041238014549,4.880833140226356,74,484
118,2,0.15823182463645935,1.2488765716552734,0.13288302719593048,0.038847148418426514,7.2208627331434725,6.02572344651842,210,572
118,3,0.13185985386371613,1.0197803974151611,0.23543643951416016,0.07769429683685303,7.36759236430849,12.896356584113612,245,518
118,4,0.06592992693185806,1.0020004510879517,0.323137491941452,0.11654144525527954,3.7645384372148425,17.837994566484006,214,495
118,5,0.0,1.26286780834198,0.0869072675704956,0.15538859367370605,0.0,3.936739306422502,267,463
118,6,-0.14504584670066833,2.315603256225586,0.0524105578660965,0.15538859367370605,-3.5842372264202895,1.2940560346868786,69,432
118,7,0.0,1.2646970748901367,0.0541226789355278,0.19423574209213257,0.0,2.4504762077306506,200,455
118,8,0.0,2.3207335472106934,0.0,0.19423574209213257,0.0,0.0,94,419
118,9,0.03955795615911484,1.2548145055770874,0.1620601862668991,0.23308289051055908,1.8056481975115353,7.355440959470637,243,445
118,10,0.07911591231822968,2.53047251701355,-0.000842953275423497,0.23308289051055908,1.7907847951041598,-0.01907709897936931,71,409
118,11,-0.23734773695468903,2.4754559993743896,-0.47469547390937805,0.23308289051055908,-5.476800960936588,-10.806922288183708,71,409
118,12,0.0,1.2618550062179565,0.10054828226566315,0.2719300389289856,0.0,4.555868579344485,219,443
118,13,-0.07252292335033417,2.319321870803833,0.03592293709516525,0.2719300389289856,-1.7909993463854827,0.8869242801385304,100,412
118,14,-0.23075474798679352,1.4492243528366089,-0.16591882705688477,0.3107771873474121,-9.04705298038758,-6.450680774849906,129,432
118,15,-0.4153585433959961,1.0878429412841797,-0.908351719379425,0.3496243357658386,-20.89778066684388,-37.956893015803075,95,422
118,16,-0.3230566382408142,1.2606641054153442,-0.6981320977210999,0.3496243357658386,-14.373267503063715,-28.211215882800204,95,422
118,17,0.07911591231822968,1.2578504085540771,0.11807192862033844,0.38847148418426514,3.599032349784464,5.352013603421457,93,423
118,18,-0.11867386847734451,1.2248154878616333,0.29686930775642395,0.38847148418426514,-5.5341830661033455,13.563380809911282,93,423
118,19,-0.15823182463645935,1.2543859481811523,-0.0621802881360054,0.42731863260269165,-7.189480627839989,-2.8155701554719754,121,416
118,20,0.0,1.25199294090271,0.1868194043636322,0.46616578102111816,0.0,8.486919825176399,76,406
118,21,0.03955795615911484,1.2509515285491943,0.1895873099565506,0.5050129294395447,1.811220386794693,8.61361006853249,144,403
118,22,0.03955795615911484,1.2478951215744019,0.20876015722751617,0.5438600778579712,1.8156535524813437,9.492376809488906,98,400
118,23,0.03955795615911484,1.2627604007720947,0.07911591231822968,0.5827072262763977,1.794293642052232,3.583321558972172,73,409
118,24,0.0,1.2658545970916748,0.0,-0.7380958199501038,0.0,0.0,57,417
118,25,0.0,1.2789726257324219,0.7384151816368103,-0.6604015231132507,0.0,29.99999976159398,64,404
118,26,-0.23075474798679352,1.3837591409683228,-0.46150949597358704,-0.6604015231132507,-9.467487897265753,-18.209956295268043,64,404
118,27,0.06592992693185806,1.04452645778656,0.13185985386371613,-0.6215543746948242,3.6116863116852995,7.180755953653309,57,411
118,28,-0.4219515323638916,1.399454951286316,-0.8439030647277832,-0.6215543746948242,-16.778654461993945,-29.999999405051017,54,412
118,29,0.0,0.9762327075004578,0.39967361092567444,-0.5827072262763977,0.0,22.26439081533266,105,412
118,30,0.0,0.9487372636795044,0.46115827560424805,-0.5438600778579712,0.0,25.923267541576536,100,414
118,31,-0.15823182463645935,1.2154017686843872,-0.3164636492729187,-0.46616578102111816,-7.417555427100588,-14.477511510134752,81,408
118,32,-0.15823182463645935,1.230808973312378,0.24991963803768158,-0.42731863260269165,-7.325717767149973,11.386803237296473,108,400
118,33,-0.09889489412307739,0.9801210165023804,0.377295583486557,-0.38847148418426514,-5.761683783194207,20.957001083460153,100,403
118,34,0.0,1.2312157154083252,0.29410141706466675,-0.3496243357658386,0.0,13.434540010826243,120,414
118,35,0.0,1.25199294090271,0.1868194043636322,-0.3107771873474121,0.0,8.486919825176399,123,415
118,36,0.0,1.246984839439392,0.21775341033935547,-0.2719300389289856,0.0,9.905337994415452,98,417
118,37,0.03955795615911484,1.2457239627838135,0.22134774923324585,-0.23308289051055908,1.8188159117466594,10.07053017635239,94,433
118,38,0.03955795615911484,1.2506980895996094,0.19125230610370636,-0.19423574209213257,1.8115871643208041,8.68983920202406,186,442
118,39,0.0,1.247124195098877,0.21695411205291748,-0.15538859367370605,0.0,9.868613991633701,197,447
118,40,0.0,2.5183966159820557,-0.259288489818573,-0.15538859367370605,0.0,-5.878333162505145,61,418
118,41,0.03955795615911484,1.2495862245559692,0.19838646054267883,-0.11654144525527954,1.8131980147326563,9.016643771403048,160,510
118,42,0.0,2.95064640045166,-0.13340868055820465,-0.11654144525527954,0.0,-2.5887724647650656,101,425
118,43,0.03955795615911484,1.2526302337646484,0.17815828323364258,-0.07769429683685303,1.8087947036941967,8.090756700879899,257,506
118,44,0.0,1.2568542957305908,0.15068285167217255,-0.038847148418426514,0.0,6.8364969127174,248,529
118,45,0.07911591231822968,1.2537484169006348,0.15570367872714996,-0.038847148418426514,3.610776497776677,7.065435023861944,248,529
119,0,0.0,1.2425603866577148,0.24172618985176086,0.0,0.0,11.008749251936342,276,500
119,1,0.07911591231822968,1.256399154663086,0.1326259821653366,0.038847148418426514,3.6031786097649943,6.014024587130933,207,531
119,2,0.03955795615911484,1.2467284202575684,0.21561795473098755,0.07769429683685303,1.8173515209417332,9.807234015305111,176,517
119,3,0.03955795615911484,1.2325420379638672,0.28576764464378357,0.11654144525527954,1.8382547067717727,13.047029851333395,166,489
119,4,0.0,1.2438385486602783,0.23506084084510803,0.15538859367370605,0.0,10.701561422987561,174,460
119,5,0.0,1.2584505081176758,0.13671255111694336,0.19423574209213257,0.0,6.200048456789659,113,453
119,6,0.7911591529846191,1.8110460042953491,1.5823183059692383,0.19423574209213257,23.59820968028684,38.68218846520184,62,416
119,7,-0.19778978824615479,1.2414571046829224,-0.14849744737148285,0.23308289051055908,-9.052322197770707,-6.7368819945868905,139,432
119,8,-0.3164636492729187,1.0323522090911865,-0.6606719493865967,0.2719300389289856,-17.042721992805927,-31.46097797056446,123,423
119,9,-0.39557957649230957,0.9055230021476746,-0.7911591529846191,0.2719300389289856,-23.59820968028684,-38.68218846520184,123,423
119,10,0.0,2.0098142623901367,-1.1603667736053467,0.2719300389289856,0.0,-29.999999354219984,65,397
119,11,0.09889489412307739,1.0146093368530273,0.2712140679359436,0.3107771873474121,5.567085971607319,14.898320854925949,85,424
119,12,-0.26371970772743225,0.8746592998504639,-0.5274394154548645,0.3107771873474121,-16.77865527135102,-30.00000056740162,85,424
119,13,0.27690568566322327,1.1040852069854736,0.5538113713264465,0.3496243357658386,14.079430183167915,25.9444783815841,57,430
119,14,-0.23734773695468903,1.1492249965667725,-0.47469547390937805,0.3496243357658386,-11.669146600545055,-22.02431305788535,57,430
119,15,0.07911591231822968,1.253431797027588,0.15823182463645935,0.38847148418426514,3.6116861746512954,7.180755684403435,95,409
119,16,-0.3164636492729187,1.0495911836624146,-0.6329272985458374,0.38847148418426514,-16.778654911636753,-30.000000050801344,95,409
119,17,0.15823182463645935,1.2154017686843872,0.3164636492729187,0.42731863260269165,7.417555427100588,14.477511510134752,62,396
119,18,-0.3164636492729187,1.0495911836624146,-0.6329272985458374,0.42731863260269165,-16.778654911636753,-30.000000050801344,62,396
119,19,0.03955795615911484,1.2606438398361206,-0.10770349204540253,0.46616578102111816,1.7973042013853568,-4.8808335382402,91,400
119,20,-0.35602161288261414,0.9841904640197754,-0.7120432257652283,0.46616578102111816,-19.887112536207475,-34.22886775815807,91,400
119,21,0.0,1.25199294090271,0.1868194043636322,0.5050129294395447,0.0,8.486919825176399,86,404
119,22,0.07911591231822968,1.260926604270935,0.0786944329738617,0.5050129294395447,3.5902750327451067,3.564207109003195,86,404
119,23,0.18460379540920258,1.4179686307907104,0.36920759081840515,0.6604015231132507,7.4175559409780805,14.477512465591982,67,417
119,24,0.03955795615911484,1.2627604007720947,0.07911591231822968,0.6992486715316772,1.794293642052232,3.583321558972172,59,405
119,25,0.23734773695468903,1.194568395614624,0.34505119919776917,0.6992486715316772,11.23769489527482,15.818063600475945,59,405
119,26,0.03955795615911484,1.2627604007720947,0.07911591231822968,1.1265673637390137,1.794293642052232,3.583321558972172,53,401
119,27,-0.19778978824615479,0.957687497138977,-0.39557957649230957,2.2919816970825195,-11.669147028057443,-22.02431377748559,131,394
119,28,-0.23075474798679352,0.9382634162902832,-0.4233005940914154,2.330828905105591,-13.81699676745618,-23.65815132371357,173,401
119,29,-0.19778978824615479,0.9475921392440796,-0.41918694972991943,2.4473702907562256,-11.790004315152919,-23.414443989516396,169,402
119,30,0.0,0.8719319105148315,0.593720555305481,-2.486217498779297,0.0,34.25194174778651,135,405
119,31,0.0,0.8608354926109314,0.6096979379653931,-2.4473702907562256,0.0,35.308530380744,96,401
119,32,-0.09889489412307739,0.8665460348129272,0.5933693647384644,-2.4473702907562256,-6.51073346639184,34.228866335256974,96,401
119,33,-0.05274394154548645,0.7175658345222473,0.44100990891456604,-2.4085230827331543,-4.203907452316077,31.505714818220646,131,401
119,34,-0.026371970772743225,0.7178831100463867,0.44285517930984497,-2.369676113128662,-2.1038570851832796,31.652775296530752,194,403
119,35,0.0,0.7180994749069214,0.4432894289493561,-2.330828905105591,0.0,31.687416201789606,209,396
119,36,-0.06592992693185806,0.9038514494895935,0.5398844480514526,-2.2919816970825195,-4.171955663144756,30.783639953529125,174,399
119,37,-0.05274394154548645,0.7175658345222473,0.44100990891456604,-2.2531347274780273,-4.203907452316077,31.505714818220646,143,402
119,38,0.0,0.7007309794425964,0.4702642560005188,-2.214287519454956,0.0,33.86577024226277,157,407
119,39,-0.34283560514450073,0.6662474870681763,-0.3882659673690796,-2.214287519454956,-27.22930667845081,-27.39250184156978,157,407
119,40,-0.1054878830909729,0.7026346921920776,0.4553561210632324,-2.1754403114318848,-8.538156631381064,32.65528605621415,136,405
119,41,0.0,0.8171056509017944,0.2109757661819458,-2.1365931034088135,0.0,14.477511828619665,105,400
119,42,0.05274394154548645,0.8395543694496155,0.06737111508846283,-2.1365931034088135,3.5948105033594904,4.578953309110029,105,400
119,43,-0.05274394154548645,0.7722939848899841,0.3360840082168579,-2.097745895385742,-3.9069576762335685,23.468794374084744,137,408
119,44,0.0,0.9614676237106323,0.4339924156665802,-2.05889892578125,0.0,24.2937199706648,133,407
119,45,-0.05274394154548645,0.7661479711532593,0.34986820816993713,-2.0200517177581787,-3.938200931439094,24.493084118229945,127,415
119,46,-0.05274394154548645,0.7639785408973694,0.35458043217658997,-1.9812045097351074,-3.949348697645783,24.845146679524657,129,413
119,47,-0.39557957649230957,0.605352520942688,-0.43501442670822144,-1.9812045097351074,-33.16340253127152,-31.0294857542079,129,413
119,48,-0.05274394154548645,0.7475681304931641,0.3879849910736084,-1.9423574209213257,-4.03576030817161,27.371019179795223,126,411
119,49,0.0,0.9872012734413147,0.37175658345222473,-1.8646631240844727,0.0,20.635183760603045,135,397
119,50,-0.026371970772743225,0.7705006003379822,0.3432284891605377,-1.8258159160614014,-1.9603008691248447,23.99867514079657,210,402
119,51,-0.026371970772743225,0.7602378129959106,0.3653976023197174,-1.7869688272476196,-1.9867427737677803,25.65716234680944,212,412
119,52,-0.05274394154548645,0.7702170610427856,0.3408169448375702,-1.748121738433838,-3.917460198702197,23.81957804666893,201,404
119,53,-0.05274394154548645,0.7658732533454895,0.3504691421985626,-1.7092745304107666,-3.939609111907608,24.53792669501041,141,414
119,54,0.0,0.7392483353614807,0.40704336762428284,-1.6704273223876953,0.0,28.837967634530923,131,415
119,55,0.0,1.0433274507522583,0.15568283200263977,-1.6315802335739136,0.0,8.486919558344967,64,403
119,56,-0.09889489412307739,0.9971561431884766,0.3296496272087097,-1.5927331447601318,-5.663898345398814,18.209955588428958,86,408
119,57,-0.09889489412307739,0.9546830058097839,0.4376865327358246,-1.4373445510864258,-5.91413256007451,24.51405233942684,78,397
119,58,0.0,1.0213819742202759,0.26371970772743225,-1.3984973430633545,0.0,14.477513042655318,103,396
119,59,-0.13185985386371613,0.9908159375190735,0.33714401721954346,-1.3984973430633545,-7.580499065270276,18.639008343477457,103,396
119,60,-0.06592992693185806,0.9627712965011597,0.42602118849754333,-1.3596501350402832,-3.9174603195885367,23.81957906908072,176,401
119,61,-0.09889489412307739,0.9716635942459106,0.3985711932182312,-1.3208030462265015,-5.81149205856056,22.199703643878156,204,410
119,62,-0.06592992693185806,0.9765521883964539,0.3934062719345093,-1.2819559574127197,-3.862346487789882,21.89703456233732,229,408
119,63,-0.06592992693185806,0.9798614382743835,0.3850898742675781,-1.2431087493896484,-3.8493416093880684,21.41103015016423,211,435
119,64,-0.06592992693185806,0.9811161160469055,0.3818819522857666,-1.2042615413665771,-3.8444337385057015,21.223994661446735,173,440
119,65,-0.07911591231822968,0.7958532571792603,0.2693152129650116,-1.1654144525527954,-5.677131362664908,18.61034933027874,190,432
119,66,-0.07911591231822968,0.7899914979934692,0.286053329706192,-1.0877201557159424,-5.718977620269655,19.81380889545059,156,426
119,67,-0.09889489412307739,0.9854622483253479,0.36311623454093933,-1.048872947692871,-5.730663715303618,20.134526114935383,215,444
119,68,-0.09889489412307739,0.990428626537323,0.34934282302856445,-1.0100258588790894,-5.7021178678903315,19.339723456427556,234,435
119,69,-0.09889489412307739,1.0000362396240234,0.32080644369125366,-0.9711787104606628,-5.647691969078507,17.705039466040116,261,415
119,70,-0.06592992693185806,1.0048272609710693,0.3142367899417877,-0.9323315620422363,-3.7539782508888306,17.33085510935204,265,418
119,71,-0.09889489412307739,1.0088067054748535,0.29205870628356934,-0.8934844136238098,-5.598904826385626,16.073167920021273,269,418
119,72,-0.09889489412307739,1.0152682065963745,0.26873713731765747,-0.8546372652053833,-5.563495822335859,14.75915120765116,268,419
119,73,-0.06592992693185806,1.0205894708633423,0.2584953308105469,-0.8157901167869568,-3.696162951048808,14.184635123810056,274,412
119,74,-0.06592992693185806,1.0232045650482178,0.24794189631938934,-0.7769429683685303,-3.6867424279713967,13.594157055919162,256,427
119,75,-0.07911591231822968,0.8180140852928162,0.19174472987651825,-0.7380958199501038,-5.52429665137145,13.132973550295976,236,447
119,76,-0.07911591231822968,0.8203009963035583,0.1817123293876648,-0.6992486715316772,-5.508990382459292,12.43451835131756,235,452
119,77,-0.09889489412307739,1.027665376663208,0.2165481597185135,-0.6604015231132507,-5.4967945173406125,11.846036169551066,250,443
119,78,-0.09889489412307739,1.0287258625030518,0.2114526629447937,-0.6215543746948242,-5.491162671824214,11.563397187575932,260,440
119,79,-0.09889489412307739,1.0317403078079224,0.19621720910072327,-0.5827072262763977,-5.475216725123542,10.719978426140289,255,450
119,80,-0.09889489412307739,1.0317178964614868,0.19633476436138153,-0.5438600778579712,-5.47533493698445,10.726477403707488,263,450
119,81,-0.09889489412307739,1.0323914289474487,0.19276157021522522,-0.5050129294395447,-5.471784513534712,10.529012198945397,260,454
119,82,-0.19778978824615479,2.0987770557403564,-0.08421389013528824,-0.5050129294395447,-5.383682210437581,-2.287647786373322,75,428
119,83,-0.09889489412307739,1.032036304473877,0.194654181599617,-0.46616578102111816,-5.473655925566191,10.633587263078061,247,463
119,84,-0.09889489412307739,1.0343499183654785,0.18196001648902893,-0.42731863260269165,-5.461486668182573,9.932843101594143,236,470
119,85,-0.09889489412307739,1.0378296375274658,0.16093143820762634,-0.38847148418426514,-5.443285121396475,8.775262879350873,216,485
119,86,-0.09889489412307739,1.035464882850647,0.17550402879714966,-0.3496243357658386,-5.455641367067509,9.577041030562093,193,493
119,87,-0.13185985386371613,2.105327606201172,-0.03586547449231148,-0.3496243357658386,-3.5838401521134413,-0.9740641217825611,161,411
119,88,-0.09889489412307739,1.0362868309020996,0.17058375477790833,-0.3107771873474121,-5.451340212241079,9.306125840136831,156,498
119,89,-0.09889489412307739,1.0431947708129883,0.12138327956199646,-0.2719300389289856,-5.415457253891605,6.607573328370734,146,496
119,90,-0.09889489412307739,1.036874771118164,0.16697242856025696,-0.23308289051055908,-5.448267737829303,9.107417079836207,119,486
119,91,0.0,2.3206028938293457,-0.02461463399231434,-0.23308289051055908,0.0,-0.6077135214229489,131,434
119,92,0.07911591231822968,1.2460283041000366,0.2086670696735382,-0.19423574209213257,3.633088326682709,9.488105149244799,185,473
119,93,0.03955795615911484,1.2501524686813354,0.1947864294052124,-0.15538859367370605,1.8123772925732649,8.851695879248128,214,477
119,94,-0.2175687700510025,2.1937434673309326,0.7252292633056641,-0.15538859367370605,-5.6638985447891415,18.20995790925627,67,446
119,95,0.0,1.2514344453811646,0.19052483141422272,-0.11654144525527954,0.0,8.656531251825516,291,499
119,96,0.0,1.2457032203674316,0.22496946156024933,-0.07769429683685303,0.0,10.237066617750378,287,542
119,97,0.0,1.2352255582809448,0.2767772376537323,-0.038847148418426514,0.0,12.629666815725786,280,547
119,98,0.435137540102005,2.2451064586639404,0.39491280913352966,-0.038847148418426514,10.968841028576046,9.797542908577668,68,517
120,0,0.06592992693185806,1.037474513053894,0.17907916009426117,0.0,3.6361701039376353,9.774026208351257,250,524
120,1,0.07911591231822968,1.2586519718170166,0.10919564217329025,0.038847148418426514,3.5967463510826354,4.948621209008034,185,488
120,2,0.03955795615911484,1.2137006521224976,0.3574265241622925,0.07769429683685303,1.8667715797399937,16.401099228820286,128,482
120,3,0.0,1.2638964653015137,-0.07038137316703796,0.11654144525527954,0.0,-3.187282552769815,99,457
120,4,-0.03955795615911484,1.26500403881073,0.02424336038529873,0.15538859367370605,-1.7911133194716535,1.0973829025489823,147,440
120,5,0.0,1.2650691270828247,0.04458755999803543,0.19423574209213257,0.0,2.0185631893740394,120,447
120,6,-0.03955795615911484,1.201806902885437,-0.39557957649230957,0.23308289051055908,-1.88523292297383,-18.209957571128275,122,432
120,7,0.0,1.3224072456359863,0.6574700474739075,0.2719300389289856,0.0,26.43549377962575,107,424
120,8,-0.07911591231822968,1.2569502592086792,-0.12729781866073608,0.3107771873474121,-3.6016029704709247,-5.771576728231773,94,430
120,9,-0.11867386847734451,1.2602474689483643,-0.008993247523903847,0.3496243357658386,-5.379514845614505,-0.4070605214779656,106,433
120,10,-0.19778978824615479,1.2403075695037842,0.15781034529209137,0.38847148418426514,-9.060572911888892,7.161528363599592,72,423
120,11,0.03955795615911484,1.236972689628601,0.2659353017807007,0.5438600778579712,1.831674845892223,12.127252018709859,62,408
120,12,-0.03955795615911484,1.2108426094055176,0.3669919967651367,0.5438600778579712,-1.8711747321740895,16.85295100695871,62,408
120,13,0.046150948852300644,1.4732204675674438,0.09230189770460129,0.6215543746948242,1.794293642052232,3.5833215589721723,60,404
120,14,0.18460379540920258,1.3424561023712158,0.5871635675430298,0.6215543746948242,7.829750130765754,23.427205351052052,60,404
120,15,-0.53403240442276,1.476285696029663,-1.06806480884552,1.3984973430633545,-19.887112024802516,-34.228867100667834,56,387
120,16,-0.47469547390937805,1.5743868350982666,-0.9493909478187561,1.903510332107544,-16.778654312113012,-29.99999918980091,56,395
120,17,0.1054878830909729,1.671242356300354,0.2109757661819458,1.9812045097351074,3.611686260297547,7.1807558526846025,63,385
120,18,-0.19778978824615479,1.2275720834732056,0.23734773695468903,-2.1754403114318848,-9.15298897048809,10.80692251960495,62,403
120,19,-0.36920759081840515,1.2245230674743652,-0.7384151816368103,-2.1365931034088135,-16.778654654698002,-29.999999681801157,57,399
120,20,0.0,1.2658545970916748,0.0,-2.0200517177581787,0.0,0.0,56,403
120,21,-0.4153585433959961,1.8489906787872314,0.11867386847734451,-1.9812045097351074,-12.660787091565274,3.583321677849833,55,390
120,22,-0.23734773695468903,1.8738253116607666,-0.19446636736392975,-1.9812045097351074,-7.218916431101822,-5.878333657899084,55,390
120,23,-0.15823182463645935,1.2154017686843872,-0.3164636492729187,-1.9423574209213257,-7.417555427100588,-14.477511510134752,58,408
120,24,-0.26371970772743225,1.5814388990402222,-0.5274394154548645,-1.8258159160614014,-9.467488447932233,-18.20995727551276,63,398
120,25,-0.3230566382408142,1.4203323125839233,0.2435535192489624,-1.7869688272476196,-12.814002591846227,9.492377230443338,78,391
120,26,0.0,1.0962622165679932,-0.6329272985458374,-1.7092745304107666,0.0,-30.000000532410255,72,401
120,27,-0.19778978824615479,1.1860792636871338,-0.39557957649230957,-1.7092745304107666,-9.467488097366502,-18.209956651468595,72,401
120,28,-0.11867386847734451,1.2377279996871948,-0.23734773695468903,-1.6704273223876953,-5.476800960936588,-10.806922288183708,71,407
120,29,-0.09889489412307739,0.8040622472763062,0.6756278872489929,-1.6315802335739136,-7.0118258172763275,39.8275573287289,61,415
120,30,-0.3164636492729187,1.5322999954223633,-0.6329272985458374,-1.6315802335739136,-11.669146600545055,-22.02431305788535,53,414
120,31,-0.03296496346592903,0.8715477585792542,-0.5933693647384644,-1.5538859367370605,-2.1660928403523436,-34.22886714502579,117,401
120,32,-0.09889489412307739,1.031440019607544,-0.19778978824615479,-1.5150387287139893,-5.476801061132866,-10.80692248064857,88,408
120,33,0.26371970772743225,0.8746592998504639,0.5274394154548645,-1.4761916399002075,16.77865527135102,30.00000056740162,94,411
120,34,-0.11867386847734451,1.01071298122406,-0.7528371810913086,-1.4373445510864258,-6.696778115859191,-36.493129818330054,102,420
120,35,-0.09889489412307739,0.9197689890861511,0.5069656372070312,-1.3984973430633545,-6.13694822170139,28.72403086902809,123,419
120,36,-0.07911591231822968,0.7772135138511658,0.31914299726486206,-1.3596501350402832,-5.81236338584377,22.22067974741741,170,404
120,37,-0.15823182463645935,0.738798975944519,0.37591373920440674,-1.3208030462265015,-12.088658911245394,26.45191490897639,143,414
120,38,-0.059336934238672256,0.598293662071228,0.19778978824615479,-1.2431087493896484,-5.663898357669036,18.20995729093768,73,419
120,39,-0.1054878830909729,0.8328112959861755,0.08642949908971786,-1.2042615413665771,-7.218916033493791,5.878333505828182,107,415
120,40,-0.09889489412307739,0.6137860417366028,0.11867386847734451,-1.1654144525527954,-9.15298897048809,10.80692251960495,108,415
120,41,-0.1054878830909729,0.8179149627685547,0.17905254662036896,-1.1265673637390137,-7.348966435243432,12.249663568747877,157,408
120,42,-0.07911591231822968,0.8296043276786804,0.1329275369644165,-1.0877201557159424,-5.447585308435929,9.062697183534086,151,419
120,43,-0.13185985386371613,1.046439290046692,0.01863519847393036,-1.048872947692871,-7.181882008766062,1.0122240325215166,122,411
120,44,-0.09889489412307739,0.6094037294387817,0.13944141566753387,-1.0100258588790894,-9.217683543479778,12.727352260617556,138,400
120,45,-0.13185985386371613,0.8093762993812561,0.1992368996143341,-0.9711787104606628,-9.25307240864621,13.655871287304814,176,397
120,46,-0.1054878830909729,0.8264382481575012,0.13432981073856354,-0.9323315620422363,-7.2739904435510105,9.159119557400599,161,409
120,47,-0.1054878830909729,0.8328112959861755,0.08642949908971786,-0.8934844136238098,-7.218916033493791,5.878333505828182,103,429
120,48,-0.13185985386371613,0.80124831199646,0.22975316643714905,-0.8157901167869568,-9.345289174701046,15.798238103850252,104,428
120,49,-0.11867386847734451,1.2283390760421753,-0.28193530440330505,-0.6992486715316772,-5.518405957411104,-12.869035532958382,152,425
120,50,-0.11867386847734451,1.2526308298110962,-0.1386374980211258,-0.6604015231132507,-5.412031422291289,-6.287696678371474,156,431
120,51,-0.07911591231822968,1.2626359462738037,0.04334818571805954,-0.6215543746948242,-3.5854272472732993,1.9624321187173115,177,422
120,52,0.0,1.2501814365386963,0.1985805630683899,-0.5827072262763977,0.0,9.02553905702238,163,423
120,53,-0.11867386847734451,1.2230168581008911,0.3041945993900299,-0.5438600778579712,-5.542271274891327,13.904700488613532,153,412
120,54,0.0,1.2434844970703125,0.23692627251148224,-0.5050129294395447,0.0,10.787502897511425,132,417
120,55,-0.11867386847734451,1.214647889137268,-0.33605796098709106,-0.46616578102111816,-5.5802175267919445,-15.395423612525402,82,423
120,56,-0.03955795615911484,1.2478951215744019,-0.20876015722751617,-0.46616578102111816,-1.8156535524813437,-9.492376809488906,82,423
120,57,-0.07911591231822968,1.2632784843444824,-0.015999983996152878,-0.42731863260269165,-3.5836083542002526,-0.7242190147776577,99,436
120,58,0.07252292335033417,2.3177497386932373,-0.09263528138399124,-0.42731863260269165,1.792213391138677,-2.287647745832667,55,416
120,59,-0.19778978824615479,1.2359784841537476,0.18874436616897583,-0.3496243357658386,-9.091778939894745,8.575022630870825,107,445
120,60,-0.27690568566322327,1.1180353164672852,-0.5250791907310486,-0.3107771873474121,-13.91061920941169,-24.506856503200243,97,458
120,61,0.19778978824615479,1.0544382333755493,0.6718832850456238,-0.3107771873474121,10.623992113466768,32.05779582449256,97,458
120,62,-0.19778978824615479,1.181957483291626,0.40772998332977295,-0.2719300389289856,-9.49990283268835,18.789885388400005,113,477
120,63,0.14504584670066833,2.313624382019043,-0.10912290960550308,-0.2719300389289856,3.5872948710439583,-2.6950912071162634,59,451
120,64,0.0,1.263649582862854,0.07468299567699432,-0.23308289051055908,0.0,3.3823053657871,123,458
120,65,-0.03955795615911484,1.2652044296264648,0.008993247523903847,-0.19423574209213257,-1.790829816729772,0.40706053283450666,168,457
120,66,0.0,1.2652411460876465,0.039404433220624924,-0.15538859367370605,0.0,1.7838324393026501,198,483
120,67,0.07911591231822968,1.2483694553375244,0.1941709667444229,-0.11654144525527954,3.626293149102815,8.82350319910166,235,513
120,68,0.0,2.319801092147827,-0.06578203290700912,-0.11654144525527954,0.0,-1.6242871529262046,61,495
120,69,0.07911591231822968,1.2441192865371704,0.2197631150484085,-0.07769429683685303,3.638648091623309,9.99769116768829,300,524
120,70,0.07911591231822968,1.2442772388458252,0.21886707842350006,-0.038847148418426514,3.6381874313308002,9.95651146777815,277,555
121,0,0.03955795615911484,1.2559303045272827,0.15317367017269135,0.0,1.8040450763687579,6.950058790356945,250,515
121,1,0.07252292335033417,2.3184447288513184,-0.07319997251033783,0.0,1.7916764972895134,-1.8075084073668413,123,467
121,2,-0.03955795615911484,1.244580626487732,0.2276882529258728,0.038847148418426514,-1.8204856465456054,10.362141646272544,123,533
121,3,-0.03955795615911484,1.2609806060791016,0.10368648171424866,0.07769429683685303,-1.7968245155306304,4.698376213568623,179,526
121,4,-0.03955795615911484,1.2632126808166504,0.07153193652629852,0.11654144525527954,-1.7936516337596622,3.239441855813474,176,495
121,5,-0.06592992693185806,1.0516772270202637,0.0489661805331707,0.15538859367370605,-3.5871933700471605,2.6605556954893856,246,461
121,6,-0.06592992693185806,1.0522695779800415,0.03393184766173363,0.19423574209213257,-3.5851793103745107,1.843327396384371,246,440
121,7,-0.18460379540920258,0.7916842699050903,-0.22656086087226868,0.23308289051055908,-13.125611871458283,-15.57311687697397,196,423
121,8,-0.07911591231822968,1.1690037250518799,0.47912314534187317,0.2719300389289856,-3.8717635004767756,22.240661055646903,204,410
121,9,-0.06592992693185806,1.005902647972107,0.31077730655670166,0.3107771873474121,-3.7499764177642354,17.1341211156136,169,419
121,10,-0.06592992693185806,0.9549731612205505,0.44322553277015686,0.3496243357658386,-3.9493487590754186,24.845146651558245,106,420
121,11,-0.23734773695468903,1.2229186296463013,0.22477583587169647,0.38847148418426514,-10.983585663705508,10.228159925552648,107,404
121,12,-0.27690568566322327,1.2304922342300415,-0.10770349204540253,0.42731863260269165,-12.682374902498552,-4.8808332719245096,73,399
121,13,0.0,1.0433274507522583,0.15568283200263977,0.46616578102111816,0.0,8.486919558344967,60,395
121,14,-0.13185985386371613,1.0128347873687744,-0.26371970772743225,0.46616578102111816,-7.4175555709862815,-14.477511777662764,60,395
121,15,-0.27690568566322327,1.2677685022354126,-0.7050630450248718,-0.6604015231132507,-12.321028486204717,-28.516801068861405,59,408
121,16,-0.18460379540920258,1.2066653966903687,-0.8312087655067444,-0.6604015231132507,-8.698053339747638,-34.251941025954196,59,408
121,17,0.0,1.2658545970916748,0.0,-0.38847148418426514,0.0,0.0,86,418
121,18,0.0,1.2620000839233398,0.09871024638414383,-0.3496243357658386,0.0,4.472415673034881,85,420
121,19,-0.11867386847734451,1.2601271867752075,-0.019594328477978706,-0.3496243357658386,-5.38002532041775,-0.8869242437650497,85,420
121,20,0.0,1.2658545970916748,0.0,-0.3107771873474121,0.0,0.0,65,431
121,21,-0.03955795615911484,1.2651876211166382,0.011102830991148949,-0.2719300389289856,-1.7908535931080858,0.502548652342788,176,454
121,22,-0.03955795615911484,1.264639139175415,0.03886900842189789,-0.23308289051055908,-1.7916297914639443,1.7595862136853324,162,482
121,23,-0.03955795615911484,1.2649893760681152,0.024997614324092865,-0.19423574209213257,-1.7911340670978582,1.1315287878548106,157,480
121,24,0.07911591231822968,0.8217881321907043,0.17486369609832764,-0.15538859367370605,5.499082289248961,11.95879993379226,140,484
121,25,-0.13845284283161163,1.4701995849609375,-0.01928529143333435,-0.15538859367370605,-5.379838913932042,-0.7482221646661755,145,473
121,26,0.11867386847734451,1.257016897201538,0.09062550216913223,-0.11654144525527954,5.393258943722297,4.105451412061874,224,501
121,27,0.11867386847734451,1.2490860223770142,0.16759634017944336,-0.07769429683685303,5.427298759320213,7.608172873658717,263,545
121,28,0.0,2.3174822330474854,-0.12280119955539703,-0.07769429683685303,0.0,-3.033212561985748,90,499
121,29,0.07911591231822968,1.2545095682144165,0.14944681525230408,-0.038847148418426514,3.608591514109275,6.7801536913133615,264,558
121,30,0.07252292335033417,2.3043558597564697,-0.2654978036880493,-0.038847148418426514,1.8026236311228956,-6.569165231827688,122,509
122,0,-0.03955795615911484,1.261476755142212,0.0974644348025322,0.0,-1.796118272831509,4.415857276912982,218,532
122,1,-0.09889489412307739,1.047518253326416,0.07546379417181015,0.038847148418426514,-5.393237790690779,4.102322453086132,175,527
122,2,-0.1054878830909729,0.8371939659118652,-0.012286222539842129,0.07769429683685303,-7.181520940923839,-0.8341877153803697,142,508
122,3,-0.1054878830909729,0.8371471762657166,-0.015143231488764286,0.11654144525527954,-7.181918137777156,-1.0281865839663091,124,494
122,4,-0.1054878830909729,0.8239728808403015,-0.1487054079771042,0.15538859367370605,-7.295520442082006,-10.149167065771513,162,480
122,5,-0.1054878830909729,0.8218550086021423,-0.159996896982193,0.19423574209213257,-7.314117249418859,-10.928949188415812,201,446
122,6,-0.1054878830909729,0.8228231072425842,-0.15494118630886078,0.23308289051055908,-7.305604793332979,-10.57956100009655,172,415
122,7,-0.11867386847734451,0.597284197807312,-0.17252559959888458,0.2719300389289856,-11.23769489527482,-15.818063600475945,63,417
122,8,0.0,0.9872012734413147,-0.37175658345222473,-0.5438600778579712,0.0,-20.635183760603045,75,414
122,9,0.0,1.2256584167480469,-0.3164636492729187,-0.5050129294395447,0.0,-14.477512503083895,99,393
122,10,0.0,1.6878061294555664,0.0,-0.38847148418426514,0.0,0.0,55,396
122,11,0.07252292335033417,2.2198784351348877,-0.6728187203407288,-0.2719300389289856,1.8711745604567007,-16.85295014030517,59,405
122,12,0.09889489412307739,0.9889622330665588,0.35347259044647217,-0.23308289051055908,5.7105168998661595,19.577621176225392,85,428
122,13,0.19778978824615479,0.9487887024879456,0.4164716601371765,-0.19423574209213257,11.775550801965501,23.25382510993932,199,437
122,14,0.13185985386371613,0.9695993065834045,0.39402976632118225,-0.15538859367370605,7.744382640816897,21.93353888797937,246,442
122,15,0.13185985386371613,0.9914297461509705,0.3353346586227417,-0.11654144525527954,7.575860394358618,18.535325111415343,250,472
122,16,0.1054878830909729,0.8330661058425903,0.08393758535385132,-0.07769429683685303,7.216731267366229,5.708279656129984,195,547
122,17,-0.07911591231822968,1.2632465362548828,0.01835079863667488,-0.07769429683685303,-3.583698749125849,0.8306326311901848,221,527
122,18,0.0,1.2649743556976318,0.04719987511634827,-0.038847148418426514,0.0,2.136880979099415,222,571
123,0,-0.07911591231822968,1.1309243440628052,0.5631506443023682,0.0,-4.001713064398901,26.41552267972905,183,558
123,1,0.27690568566322327,1.2312673330307007,-0.09844862669706345,0.0,12.674649182075749,-4.460537737954727,183,558
123,2,0.03296496346592903,1.0533586740493774,0.04602361470460892,0.038847148418426514,1.7924920397509951,2.500567926200101,191,497
123,3,0.14504584670066833,2.2979583740234375,-0.29009169340133667,0.038847148418426514,3.61168623510563,-7.18075580318652,91,446
123,4,0.0,1.051923155784607,-0.07891201972961426,0.07769429683685303,0.0,-4.290116515269831,122,445
123,5,0.06592992693185806,1.0527957677841187,0.006618647836148739,0.07769429683685303,3.5833920994497337,0.359494418040723,122,445
123,6,0.0,1.0493319034576416,0.10803687572479248,0.11654144525527954,0.0,5.87833354139408,88,418
123,7,0.0,1.0493319034576416,0.10803687572479248,-0.23308289051055908,0.0,5.87833354139408,89,391
123,8,0.06592992693185806,1.0251206159591675,0.2398967295885086,-0.19423574209213257,3.6798704967782325,13.145010316054522,136,412
123,9,0.16482481360435486,0.9736365675926208,0.3709906339645386,-0.15538859367370605,9.608381988192079,20.590734415455312,225,433
123,10,0.13185985386371613,0.9618914127349854,0.41248905658721924,-0.11654144525527954,7.805678423855742,23.018591842138786,286,471
123,11,0.13185985386371613,0.7715688347816467,0.315383642911911,-0.07769429683685303,9.698064749155964,21.945237849951003,191,581
123,12,-0.18460379540920258,0.7255380153656006,-0.38947194814682007,-0.07769429683685303,-14.275265627079094,-27.484760101810906,191,581
123,13,-0.13185985386371613,1.0314003229141235,0.17775146663188934,-0.038847148418426514,-7.2854846717866435,9.70085940821157,157,615
123,14,0.23075474798679352,1.0293185710906982,-0.004976739641278982,-0.038847148418426514,12.63576887223242,-0.27031279846264905,157,615
124,0,0.059336934238672256,0.6286888122558594,0.0427371971309185,0.0,5.391720798788938,3.871733123818983,124,554
124,1,0.3164636492729187,1.1405713558197021,0.44870439171791077,0.0,15.507240178535586,20.760815790718482,187,513
124,2,0.0,2.2914681434631348,-0.36739325523376465,0.0,0.0,-9.10876448099108,83,477
124,3,0.15823182463645935,1.2536535263061523,0.0755215659737587,0.038847148418426514,7.193636948014811,3.420327982962124,79,506
124,4,0.0,1.0213819742202759,-0.26371970772743225,0.11654144525527954,0.0,-14.477513042655318,59,419
124,5,0.09889489412307739,0.9889622330665588,0.35347259044647217,-0.15538859367370605,5.7105168998661595,19.577621176225392,94,411
124,6,0.23075474798679352,0.990502119064331,0.28004831075668335,-0.15538859367370605,13.114139290420287,15.39542517323253,94,411
124,7,0.13185985386371613,0.9816545844078064,0.3629554212093353,-0.11654144525527954,7.650410468239087,20.125223842460283,232,428
124,8,0.19778978824615479,0.9499275088310242,0.4138675332069397,-0.07769429683685303,11.761827356782897,23.09996478888917,225,521
124,9,0.3164636492729187,1.1350940465927124,0.4623853266239166,-0.038847148418426514,15.578443459631144,21.424521252713593,188,566
124,10,0.0,2.293787956237793,-0.3526209890842438,-0.038847148418426514,0.0,-8.739586887966587,100,522
125,0,0.19778978824615479,1.0343904495239258,0.06070304661989212,0.0,10.825077818600219,3.298910566154673,180,483
125,1,0.6461132764816284,2.8711483478546143,0.2513081431388855,0.0,12.682375940413298,4.880833492240859,60,441
125,2,0.0,1.0509305000305176,0.09118350595235825,0.038847148418426514,0.0,4.958823605245237,184,487
125,3,-0.05274394154548645,0.8377025723457336,-0.08743473887443542,0.07769429683685303,-3.602736163645928,-5.946948280728391,149,435
125,4,0.0,1.0493319034576416,-0.10803687572479248,0.11654144525527954,0.0,-5.87833354139408,84,390
125,5,0.06592992693185806,1.030813217163086,0.21411839127540588,-0.15538859367370605,3.6596040215339496,11.711225086914846,96,400
125,6,0.19778978824615479,1.0277458429336548,0.13185985386371613,-0.15538859367370605,10.893395121427442,7.180755818331867,96,400
125,7,0.06592992693185806,0.9968138337135315,0.33879902958869934,-0.11654144525527954,3.78406930424987,18.733902441269,133,444
125,8,0.19778978824615479,0.8473474979400635,0.5963646173477173,-0.07769429683685303,13.138855570908952,34.42586678353586,179,487
125,9,-0.19778978824615479,1.0017427206039429,-0.2648774981498718,-0.07769429683685303,-11.169141627421581,-14.54246938073107,179,487
125,10,0.23075474798679352,1.0286993980407715,-0.03604261949658394,-0.038847148418426514,12.64312990395082,-1.9580372691354788,169,536
125,11,-0.13185985386371613,1.0143065452575684,0.2580013871192932,-0.038847148418426514,-7.406912302507367,14.15696425394936,169,536
126,0,0.19778978824615479,1.2408114671707153,0.153798907995224,0.0,9.05695438383831,6.978568841148062,166,468
126,1,-0.06592992693185806,1.0093090534210205,0.29952967166900635,0.038847148418426514,-3.7373562240070846,16.49591407777242,146,487
126,2,0.26371970772743225,0.9944842457771301,-0.23285691440105438,0.038847148418426514,14.85199102676415,-12.752665419804112,146,487
126,3,-0.07911591231822968,1.2351642847061157,0.2655138373374939,0.07769429683685303,-3.6649568272863235,12.107741189601612,118,437
126,4,0.3164636492729187,1.1415894031524658,-0.4461079239845276,0.07769429683685303,15.494075801571519,-20.635184389908794,118,437
126,5,0.07911591231822968,1.2630562782287598,-0.028587576001882553,-0.11654144525527954,3.5842371654809075,-1.2940560331962514,98,395
126,6,0.15823182463645935,1.241953730583191,-0.1868194043636322,-0.11654144525527954,7.2606845744949196,-8.486919678004455,98,395
126,7,0.23075474798679352,1.0063668489456177,0.216211199760437,-0.07769429683685303,12.914387060192574,11.827337420869945,167,462
126,8,0.23734773695468903,1.2402353286743164,0.08871560543775558,-0.038847148418426514,10.833882199111565,4.018786773983039,188,508
127,0,0.06592992693185806,0.9993994832038879,0.33109399676322937,0.0,3.774307482432404,18.292563470933136,164,424
127,1,0.09889489412307739,0.9952024221420288,0.33550167083740234,0.038847148418426514,5.674944860167751,18.544891766092867,221,444
127,2,0.09889489412307739,0.9990717172622681,0.3237976133823395,0.07769429683685303,5.653109055857529,17.875664660093015,153,411
127,3,0.06592992693185806,1.0251206159591675,0.2398967295885086,0.11654144525527954,3.6798704967782325,13.145010316054522,72,411
127,4,0.19778978824615479,1.0277458429336548,0.13185985386371613,0.11654144525527954,10.893395121427442,7.180755818331867,72,411
127,5,0.0,1.007879376411438,0.31136566400527954,-0.11654144525527954,0.0,17.16756506056785,104,409
127,6,0.06592992693185806,1.0073121786117554,0.30617788434028625,-0.11654144525527954,3.7447440215309715,16.872883234043346,104,409
127,7,0.06592992693185806,0.9861176609992981,0.3687743842601776,-0.07769429683685303,3.824992970525423,20.46219886682124,167,424
127,8,0.09889489412307739,0.9952132701873779,0.335469514131546,-0.038847148418426514,5.674883405771445,18.543049386861263,210,476
128,0,0.01977897807955742,0.6325230598449707,0.010970380157232285,0.0,1.7910537781394802,0.9931440009614672,93,441
128,1,0.03955795615911484,1.2506980895996094,0.19125230610370636,0.0,1.8115871643208041,8.68983920202406,170,408
128,2,0.15823182463645935,1.2262424230575562,0.27144119143486023,0.038847148418426514,7.352700893921541,12.38227275593263,189,490
128,3,0.11867386847734451,1.22903573513031,0.27888283133506775,0.07769429683685303,5.51529723044826,12.72735265175244,159,436
128,4,0.09889489412307739,0.9793660640716553,0.37925097346305847,0.11654144525527954,5.766095308633814,21.07077462709572,91,396
128,5,0.09889489412307739,1.0463907718658447,0.08975290507078171,-0.11654144525527954,5.399014660135044,4.880832937180357,63,407
128,6,0.19778978824615479,0.957687497138977,0.39557957649230957,-0.11654144525527954,11.669147028057443,22.02431377748559,63,407
128,7,0.09889489412307739,1.0102031230926514,0.2871914505958557,-0.07769429683685303,5.591214458015823,15.798236878426977,164,414
128,8,0.13185985386371613,1.0132204294204712,0.2622339725494385,-0.038847148418426514,7.414763794939067,14.39418374455594,193,473
129,0,0.05274394154548645,0.8236327767372131,0.1761235147714615,0.0,3.6641140328160606,12.046245568712198,227,447
129,1,0.07911591231822968,0.8195221424102783,0.1851932406425476,0.038847148418426514,5.514193738618808,12.676641160222148,211,526
129,2,0.07911591231822968,0.8176762461662292,0.19318018853664398,0.07769429683685303,5.526564995820418,13.233070720544163,213,448
129,3,0.0,0.9872012734413147,0.37175658345222473,0.15538859367370605,0.0,20.635183760603045,66,407
129,4,0.03296496346592903,1.0482286214828491,0.11357589066028595,-0.11654144525527954,1.8012587679441516,6.180859297205334,79,415
129,5,-0.09889489412307739,1.0265851020812988,0.22161276638507843,-0.11654144525527954,-5.502543306970421,12.127252576616737,79,415
129,6,0.0,1.0448389053344727,0.1451931744813919,-0.07769429683685303,0.0,7.9112869062492175,162,406
129,7,0.06592992693185806,1.0313012599945068,0.21175526082515717,-0.038847148418426514,3.657876889655676,11.580173770887537,184,490
130,0,0.06592992693185806,1.0306910276412964,0.21470585465431213,0.0,3.6600366922807286,11.743813323260719,203,448
130,1,0.03296496346592903,1.0392587184906006,0.17783118784427643,0.038847148418426514,1.8167951635627224,9.705251989757205,225,506
130,2,0.03296496346592903,1.036543846130371,0.19302697479724884,0.07769429683685303,1.821550436054864,10.54367507021452,212,439
130,3,0.0,1.0460811853408813,0.135953888297081,0.11654144525527954,0.0,7.404937250769193,124,414
130,4,0.03296496346592903,1.0523003339767456,0.06592992693185806,0.15538859367370605,1.794293642052232,3.583321558972172,54,405
130,5,0.0,1.0516667366027832,0.08225853741168976,-0.11654144525527954,0.0,4.472415605793834,114,394
130,6,0.03296496346592903,1.0477824211120605,0.11762121319770813,-0.07769429683685303,1.8020253321779556,6.401912489230243,168,417
130,7,0.03296496346592903,1.0463106632232666,0.13006435334682465,-0.038847148418426514,1.8045584160684764,7.082472489074677,227,461
131,0,0.0,1.2402398586273193,0.2533634305000305,0.0,0.0,11.545852134926973,216,427
131,1,0.0,1.2460997104644775,0.22276298701763153,0.038847148418426514,0.0,10.13559638964418,233,493
131,2,0.0,1.2368426322937012,0.26945921778678894,0.07769429683685303,0.0,12.29044385034883,206,436
131,3,-0.03955795615911484,1.2427747249603271,0.23734773695468903,0.11654144525527954,-1.8231292477441545,10.806923105092414,136,405
131,4,0.0,1.1846415996551514,0.4461079239845276,0.15538859367370605,0.0,20.635183629588788,71,401
131,5,0.0,1.2658545970916748,0.0,-0.11654144525527954,0.0,0.0,101,400
131,6,0.0,1.253806710243225,0.17423181235790253,-0.07769429683685303,0.0,7.911286891325352,169,412
131,7,0.0,1.253645658493042,0.17538638412952423,-0.038847148418426514,0.0,7.964051696028555,235,450
132,0,-0.03955795615911484,1.2438510656356812,0.23164084553718567,0.0,-1.8215527040054744,10.544065056932418,230,420
132,1,-0.03955795615911484,1.2264972925186157,0.31068867444992065,0.038847148418426514,-1.847308213590869,14.207712684195483,236,476
132,2,0.3164636492729187,1.1657261848449707,-0.3785777688026428,0.038847148418426514,15.188229422482062,-17.401688731720675,236,476
132,3,-0.03955795615911484,1.2309629917144775,0.2924947142601013,0.07769429683685303,-1.8406111495431683,13.359781810798562,219,419
132,4,0.0,1.2256584167480469,0.3164636492729187,0.11654144525527954,0.0,14.477512503083895,118,391
132,5,0.27690568566322327,1.2174277305603027,-0.20876015722751617,0.11654144525527954,12.814002054672438,-9.492376894550342,118,391
132,6,0.0,1.25199294090271,0.1868194043636322,-0.11654144525527954,0.0,8.486919825176399,55,411
132,7,0.07911591231822968,1.2523199319839478,0.16680359840393066,-0.07769429683685303,3.614884290558242,7.571974057103145,132,412
132,8,0.15823182463645935,1.2523694038391113,0.09445405006408691,-0.038847148418426514,7.200935587355697,4.279206080480416,219,429
133,0,0.15823182463645935,1.2313696146011353,0.24714240431785583,0.0,7.322418583005818,11.258603638675151,228,406
133,1,0.15823182463645935,1.2296777963638306,0.25542736053466797,0.038847148418426514,7.332383369691701,11.641216483450048,238,473
133,2,0.15823182463645935,1.2278735637664795,0.2639645040035248,0.07769429683685303,7.343040039234535,12.036027354253589,212,422
133,3,0.03955795615911484,1.1754801273345947,0.46804866194725037,0.11654144525527954,1.9274242599552576,21.700147245866653,108,412
133,4,0.07911591231822968,1.230144739151001,0.28787606954574585,-0.11654144525527954,3.6798704967782325,13.145010053337872,55,414
133,5,0.23734773695468903,1.2430754899978638,-0.028587576001882553,-0.11654144525527954,10.809712956460244,-1.294055979678566,55,414
133,6,0.07911591231822968,1.240976333618164,0.23686780035495758,-0.07769429683685303,3.647838645348876,10.784808053101061,161,412
133,7,0.11867386847734451,1.2429052591323853,0.20854482054710388,-0.038847148418426514,5.4541254738600635,9.482494832822498,215,451
134,0,0.13185985386371613,0.978103518486023,0.3724188506603241,0.0,7.67785503347758,20.67362565562572,175,416
134,1,-0.26371970772743225,0.8832930326461792,-0.5128495693206787,0.0,-16.62374351673956,-29.089101956911218,175,416
134,2,0.06592992693185806,1.0153132677078247,0.27849867939949036,0.038847148418426514,3.715316867811188,15.308142203279417,194,485
134,3,0.06592992693185806,1.0084763765335083,0.30232131481170654,0.07769429683685303,3.740433320730702,16.654116139661546,178,421
134,4,0.05274394154548645,0.8200964331626892,0.19191737473011017,0.11654144525527954,3.679870763496499,13.14501064334982,63,422
134,5,0.05274394154548645,0.8200964331626892,0.19191737473011017,-0.11654144525527954,3.679870763496499,13.14501064334982,63,397
134,6,0.03296496346592903,1.0543385744094849,0.007278782315552235,-0.07769429683685303,1.7908271861905223,0.39535041944175336,149,409
134,7,0.03296496346592903,1.0514806509017944,0.07791691273450851,-0.038847148418426514,1.7956914705367413,4.23591755871393,186,462
135,0,0.0,1.053365707397461,0.05648019537329674,0.0,0.0,3.069191381044339,157,392
135,1,0.07911591231822968,0.8041164875030518,0.24353604018688202,0.038847148418426514,5.619167529642392,16.773137745606064,192,439
135,2,0.05274394154548645,0.8200964331626892,0.19191737473011017,0.07769429683685303,3.679870763496499,13.14501064334982,145,401
135,3,0.059336934238672256,0.6236670613288879,0.09008628875017166,-0.07769429683685303,5.434875871856539,8.182855035207274,75,418
135,4,-0.19778978824615479,0.4527615010738373,-0.39557957649230957,-0.07769429683685303,-23.59820968028684,-38.68218846520184,75,418
135,5,0.0,1.2256584167480469,-0.3164636492729187,-0.07769429683685303,0.0,-14.477512503083895,111,405
135,6,0.13185985386371613,0.7744129300117493,0.3083341419696808,-0.038847148418426514,9.66312056716559,21.430156995499576,168,429
135,7,-0.15823182463645935,0.6676097512245178,-0.49135762453079224,-0.038847148418426514,-13.333772707384366,-35.60853903290963,168,429
135,8,0.0,1.2402398586273193,-0.2533634305000305,-0.038847148418426514,0.0,-11.545852134926973,183,418
136,0,0.03955795615911484,0.5854042768478394,0.23734773695468903,0.0,3.865813197890004,22.024313375971534,78,409
136,1,0.03955795615911484,1.2606438398361206,-0.10770349204540253,0.0,1.7973042013853568,-4.8808335382402,168,391
136,2,0.06592992693185806,1.049609661102295,0.0821109265089035,0.038847148418426514,3.5942410713436272,4.464373654200298,234,436
136,3,0.0,1.054458737373352,0.029768727719783783,0.07769429683685303,0.0,1.6171041005990863,158,418
136,4,0.0,1.2591983079910278,-0.1296442449092865,0.11654144525527954,0.0,-5.878333162505145,74,404
136,5,0.0,1.2591983079910278,-0.1296442449092865,-0.11654144525527954,0.0,-5.878333162505145,105,395
136,6,0.03955795615911484,1.2652299404144287,-0.004019006155431271,-0.07769429683685303,1.7907937318011364,-0.1819106898685289,190,410
136,7,0.03955795615911484,1.265151858329773,-0.01462548691779375,-0.038847148418426514,1.7909041832471022,-0.662001224524358,251,436
137,0,0.03955795615911484,1.2649588584899902,-0.026501091197133064,0.0,1.7911772506899657,-1.1995939582708528,215,398
137,1,0.07911591231822968,1.2633329629898071,-0.010883449576795101,0.038847148418426514,3.5834542211184663,-0.49261850011397196,238,435
137,2,0.07911591231822968,1.2630562782287598,0.028587576001882553,0.07769429683685303,3.5842371654809075,1.2940560331962514,146,414
137,3,0.03955795615911484,1.2606438398361206,-0.10770349204540253,0.11654144525527954,1.7973042013853568,-4.8808335382402,108,398
137,4,0.0,1.25199294090271,-0.1868194043636322,-0.15538859367370605,0.0,-8.486919825176399,72,395
137,5,0.11867386847734451,1.196587324142456,-0.39557957649230957,-0.15538859367370605,5.663898357669036,-18.20995729093768,72,395
137,6,0.0,1.2648625373840332,0.05010686069726944,-0.11654144525527954,0.0,2.2685558261062915,122,399
137,7,0.03955795615911484,1.2636229991912842,-0.06387367844581604,-0.07769429683685303,1.7930695869674353,-2.892312511175979,208,415
137,8,0.07911591231822968,1.2630351781845093,-0.02951042167842388,-0.038847148418426514,3.5842968870223264,-1.335837235868526,266,442
138,0,0.07911591231822968,1.2632451057434082,0.018447212874889374,0.0,3.5837027967663606,0.8349970616633872,198,386
138,1,0.13185985386371613,1.040968894958496,0.1084718257188797,0.038847148418426514,7.219226351414142,5.902083285802903,220,443
138,2,0.11867386847734451,1.2503600120544434,0.15781034529209137,0.07769429683685303,5.4218018629776354,7.161528409646862,150,410
138,3,0.03296496346592903,1.0543636083602905,-0.00035123052657581866,0.11654144525527954,1.7907846939345158,-0.019077097638504997,81,398
138,4,0.07911591231822968,1.253431797027588,0.15823182463645935,-0.11654144525527954,3.6116861746512954,7.180755684403435,97,406
138,5,0.15823182463645935,1.255556583404541,0.030467109754681587,-0.07769429683685303,7.182847462417102,1.3791515829203014,172,427
138,6,0.11867386847734451,1.259196162223816,0.0522429384291172,-0.038847148418426514,5.383979837287685,2.3653193297400708,240,448
139,0,0.09889489412307739,0.9988466501235962,0.3244912624359131,0.0,5.654374600558694,17.91525553591473,269,459
139,1,0.13185985386371613,1.0058314800262451,0.2892843782901764,0.038847148418426514,7.4686207463374625,15.916411749992184,274,512
139,2,0.13185985386371613,0.9979545474052429,0.315387099981308,0.07769429683685303,7.526897846394673,17.396317482530957,278,448
139,3,0.06592992693185806,1.0127891302108765,0.2875426709651947,0.11654144525527954,3.724550385530364,15.818064105112805,153,409
139,4,0.0,1.0213819742202759,0.26371970772743225,0.15538859367370605,0.0,14.477513042655318,94,392
139,5,0.09889489412307739,0.9730281233787537,0.3952283263206482,0.15538859367370605,5.8033979590721785,22.003735121266004,94,392
139,6,0.07911591231822968,0.8251519799232483,0.15823182463645935,-0.15538859367370605,5.476801092006547,10.806922539953156,59,403
139,7,0.16482481360435486,1.0363426208496094,0.1076856404542923,-0.11654144525527954,9.036901232552207,5.85915558020948,109,422
139,8,0.13185985386371613,1.0450559854507446,0.05692390725016594,-0.07769429683685303,7.19128895981017,3.0933264448664883,208,418
139,9,0.13185985386371613,1.0441482067108154,0.07167241722345352,-0.038847148418426514,7.197475503022601,3.89589102580113,236,478
140,0,0.03296496346592903,1.0483691692352295,0.11227055639028549,0.0,1.8010174444317446,6.109550629678321,215,525
140,1,0.06592992693185806,1.027023434638977,0.23161496222019196,0.038847148418426514,3.673071294771451,12.683511841170928,215,581
140,2,0.06592992693185806,1.0235393047332764,0.24655596911907196,0.07769429683685303,3.6855400344235165,13.516724656935473,253,543
140,3,-0.07252292335033417,2.2750563621520996,-0.452397882938385,0.07769429683685303,-1.8258232520873328,-11.241068999742117,69,524
140,4,0.06592992693185806,1.0138341188430786,0.28383612632751465,0.11654144525527954,3.7207221712466705,15.608927329572431,247,483
140,5,-0.03955795615911484,1.262948989868164,0.07604607939720154,0.15538859367370605,-1.7940258853390207,3.4441114374482917,217,467
140,6,0.0,2.742684841156006,0.0,0.15538859367370605,0.0,0.0,73,431
140,7,-0.03955795615911484,1.265234112739563,0.0023785072844475508,0.19423574209213257,-1.7907878301987943,0.10765731711828279,230,435
140,8,0.0,1.2658545970916748,0.0,0.23308289051055908,0.0,0.0,109,416
140,9,0.0,1.2652174234390259,-0.04015989229083061,0.2719300389289856,0.0,-1.8180432814267566,134,416
140,10,0.0,1.2613003253936768,-0.10728201270103455,0.3107771873474121,0.0,-4.861686892648574,133,402
140,11,0.0,1.2658545970916748,0.0,0.38847148418426514,0.0,0.0,52,411
140,12,-0.18460379540920258,0.8227753043174744,-0.033685557544231415,-0.38847148418426514,-12.645869393287215,-2.287647865176469,102,406
140,13,-0.13185985386371613,0.833289623260498,-0.02034168690443039,-0.3496243357658386,-8.991933501004278,-1.381208024683772,132,412
140,14,-0.26371970772743225,0.7799647450447083,0.18514680862426758,-0.3107771873474121,-18.68129361096324,12.673409766509906,135,417
140,15,0.05274394154548645,0.6496040225028992,-0.5361016988754272,-0.3107771873474121,4.641890242295731,-39.43960967640079,135,417
140,16,-0.13185985386371613,0.8067371845245361,-0.20966754853725433,-0.2719300389289856,-9.282816294572225,-14.385798318399784,178,425
140,17,-0.13185985386371613,0.8170830011367798,-0.16480512917041779,-0.23308289051055908,-9.167286444668967,-11.261616611302305,173,452
140,18,-0.11867386847734451,0.6133755445480347,-0.10140969604253769,-0.19423574209213257,-10.950102847922558,-9.21985711224348,66,494
140,19,-0.11867386847734451,1.2590594291687012,0.05544119328260422,-0.19423574209213257,-5.384561097677256,2.510211541625624,126,463
140,20,0.0,2.0650243759155273,-0.4321475028991699,-0.19423574209213257,0.0,-11.819710013962274,112,429
140,21,-0.13185985386371613,1.0443711280822754,-0.06834675371646881,-0.15538859367370605,-7.195955305626218,-3.714858434205501,131,491
140,22,-0.07911591231822968,1.262589454650879,-0.044682666659355164,-0.07769429683685303,-3.585558927033306,-2.0228706026951913,128,573
140,23,-0.03955795615911484,1.2643123865127563,-0.04834660887718201,-0.038847148418426514,-1.7920925237136307,-2.1888219914536684,184,566
141,0,0.03296496346592903,1.0543588399887085,-0.0031838580034673214,0.0,1.7907927875421485,-0.17293161509249505,225,518
141,1,0.03296496346592903,1.0539647340774536,0.029000839218497276,0.038847148418426514,1.7914619771255416,1.5753800249555083,266,553
141,2,0.03955795615911484,1.258347511291504,0.1318504810333252,0.07769429683685303,1.8005819021532592,5.978730283255009,310,514
141,3,0.07911591231822968,1.237828016281128,0.2528051435947418,0.11654144525527954,3.65709148648383,11.520061837212713,265,506
141,4,0.11867386847734451,1.2237001657485962,0.3014337718486786,0.15538859367370605,5.53919575297567,13.776002571926353,143,515
141,5,0.0,1.25199294090271,0.1868194043636322,0.19423574209213257,0.0,8.486919825176399,123,490
141,6,0.07911591231822968,2.4855494499206543,-0.47469547390937805,0.19423574209213257,1.8231292477441545,-10.806923105092414,92,436
141,7,0.0,1.2591983079910278,0.1296442449092865,0.23308289051055908,0.0,5.878333162505145,125,429
141,8,0.0,1.2625516653060913,-0.09138497710227966,0.2719300389289856,0.0,-4.139916383725166,126,420
141,9,0.0,1.2641043663024902,-0.06654402613639832,0.3107771873474121,0.0,-3.013339732956509,140,423
141,10,0.11867386847734451,1.2602097988128662,0.01324943546205759,0.3107771873474121,5.379674706423453,0.5997139153346616,140,423
141,11,-0.15823182463645935,2.506863594055176,-0.3164636492729187,0.3107771873474121,-3.6116861746512954,-7.180755684403435,56,399
141,12,0.0,1.263830304145813,-0.07155954092741013,0.3496243357658386,0.0,-3.2406934239610776,129,443
141,13,-0.15823182463645935,2.506863594055176,-0.3164636492729187,0.3496243357658386,-3.6116861746512954,-7.180755684403435,88,401
141,14,0.0,1.2620000839233398,-0.09871024638414383,0.38847148418426514,0.0,-4.472415673034881,110,441
141,15,0.07252292335033417,2.315060615539551,0.14504584670066833,0.38847148418426514,1.7942938264926744,3.5833219262319544,77,413
141,16,0.0,1.2658545970916748,0.0,0.42731863260269165,0.0,0.0,144,435
141,17,-0.07911591231822968,1.2633792161941528,0.0013117536436766386,0.46616578102111816,-3.5833233701642166,0.05937329281811405,158,428
141,18,0.0,1.265783429145813,0.013426163233816624,0.5050129294395447,0.0,0.6077134713273015,117,425
141,19,0.0,1.2591983079910278,0.1296442449092865,0.5438600778579712,0.0,5.878333162505145,85,411
141,20,0.0,1.2658545970916748,0.0,0.5827072262763977,0.0,0.0,71,396
141,21,0.0,2.109757661819458,0.0,0.5827072262763977,0.0,0.0,55,389
141,22,0.0,1.2658545970916748,0.0,0.6992486715316772,0.0,0.0,59,402
141,23,0.0,1.2591983079910278,-0.1296442449092865,0.7380958199501038,0.0,-5.878333162505145,105,403
141,24,-0.03955795615911484,1.2650461196899414,-0.02194076031446457,0.7769429683685303,-1.7910537781394802,-0.9931440009614672,101,400
141,25,0.03955795615911484,1.2478951215744019,0.20876015722751617,0.8157901167869568,1.8156535524813437,9.492376809488906,63,411
141,26,-0.07911591231822968,1.2153469324111938,0.34505119919776917,0.8157901167869568,-3.724550458390422,15.818064139078658,63,411
141,27,-0.23075474798679352,1.0101488828659058,-0.19778978824615479,-0.9323315620422363,-12.867647502272971,-10.806923438235794,63,429
141,28,-0.11867386847734451,0.6191510558128357,-0.05626250058412552,-0.7769429683685303,-10.850394688118634,-5.099897483949002,156,405
141,29,-0.07911591231822968,0.6234236359596252,-0.0753697007894516,-0.7380958199501038,-7.232490664892303,-6.839075366952341,206,415
141,30,-0.059336934238672256,0.6242212653160095,-0.08616210520267487,-0.6992486715316772,-5.43007946599093,-7.824123801181422,217,406
141,31,-0.15823182463645935,0.8244696259498596,-0.08593541383743286,-0.6604015231132507,-10.864078719179007,-5.844612029154256,167,411
141,32,-0.13185985386371613,0.8324528932571411,-0.04251564294099808,-0.6215543746948242,-9.000823740711128,-2.88777062877372,205,405
141,33,-0.1054878830909729,0.8363091945648193,-0.040393177419900894,-0.5827072262763977,-7.1890391643803015,-2.743494281257128,206,401
141,34,-0.15823182463645935,0.8289346694946289,0.0015642876969650388,-0.5438600778579712,-10.806941208620517,0.106205480604405,133,408
141,35,-0.18460379540920258,0.8218881487846375,0.05092895030975342,-0.5050129294395447,-12.659079806810064,3.459861754070052,179,414
141,36,-0.13185985386371613,0.8325409889221191,0.040752943605184555,-0.46616578102111816,-8.999886904928221,2.767948547612143,241,408
141,37,-0.15823182463645935,0.8168538808822632,0.1410135179758072,-0.42731863260269165,-10.962924178955195,9.619064682190924,183,422
141,38,0.07911591231822968,1.1873390674591064,0.4316880702972412,-0.38847148418426514,3.8121519248062836,19.939334472060416,115,452
141,39,0.23734773695468903,1.1636430025100708,0.4381655156612396,-0.38847148418426514,11.528455316063324,20.251525915168152,115,452
141,40,0.09889489412307739,1.0175341367721558,0.26002559065818787,-0.3496243357658386,5.5511840361103415,14.270382814609297,110,483
141,41,0.0,1.2658432722091675,0.005372135434299707,-0.3107771873474121,0.0,0.24315714794295448,71,501
141,42,-0.09889489412307739,1.0399601459503174,-0.14653342962265015,-0.2719300389289856,-5.432200539724801,-7.984789144781389,78,487
141,43,0.0,1.0287617444992065,-0.2332780808210373,-0.23308289051055908,0.0,-12.776120463133914,111,482
141,44,0.0,1.2658268213272095,0.008393244817852974,-0.15538859367370605,0.0,0.37990225005224293,105,491
141,45,-0.14504584670066833,2.314311981201172,0.0934079959988594,-0.15538859367370605,-3.5862318411639027,2.3067406746702965,101,461
141,46,-0.03955795615911484,1.2603245973587036,0.11137755960226059,-0.11654144525527954,-1.7977591630507193,5.047757163821836,132,539
141,47,-0.07252292335033417,2.317917585372925,-0.08833349496126175,-0.11654144525527954,-1.7920836967493587,-2.181361698475719,99,507
141,48,-0.07911591231822968,1.2543174028396606,0.1510515809059143,-0.07769429683685303,-3.6091429005242115,6.8533063135530945,81,558
141,49,-0.14504584670066833,2.3093984127044678,-0.1773277372121811,-0.07769429683685303,-3.5938420751841416,-4.382253822073421,79,526
141,50,0.0,1.2637031078338623,-0.07377365231513977,-0.038847148418426514,0.0,-3.3410749476989734,123,545
142,0,0.06592992693185806,1.0525838136672974,-0.022134289145469666,0.0,3.5841117904512867,-1.202312893659178,217,531
142,1,0.06592992693185806,1.0506861209869385,-0.06694235652685165,0.038847148418426514,3.5905683004032074,-3.6384212178721698,212,570
142,2,-0.14504584670066833,2.3102519512176514,-0.16583526134490967,0.038847148418426514,-3.5925177833924296,-4.097741419091559,87,534
142,3,0.3164636492729187,1.2256568670272827,0.001960734138265252,0.07769429683685303,14.477530039175397,0.08874782053318087,161,554
142,4,0.0,1.2454445362091064,0.22639760375022888,0.11654144525527954,0.0,10.302759807219063,208,504
142,5,-0.07911591231822968,1.2621811628341675,0.05501971393823624,0.15538859367370605,-3.5867157604836226,2.4911161947156684,161,460
142,6,-0.03296496346592903,0.9882846474647522,0.3673909306526184,0.19423574209213257,-1.9104346846978768,20.382017019813535,151,439
142,7,-0.23075474798679352,0.7811307311058044,0.6703404784202576,0.23308289051055908,-16.457729423245517,39.45461541867932,118,476
142,8,0.23075474798679352,0.9433203339576721,-0.4119081497192383,0.23308289051055908,13.745743791795052,-22.984314685799728,118,476
142,9,-0.07252292335033417,2.2198784351348877,0.6728187203407288,0.23308289051055908,-1.8711745604567007,16.85295014030517,87,432
142,10,-0.13185985386371613,1.008230447769165,0.2808089256286621,0.2719300389289856,-7.45104994081525,15.438279666976694,176,451
142,11,-0.06592992693185806,1.0369819402694702,0.18190991878509521,0.3107771873474121,-3.6378926698695957,9.9300801200181,183,441
142,12,-0.13185985386371613,0.7829130291938782,0.2860638499259949,0.3496243357658386,-9.560154659130566,19.814568728584803,149,437
142,13,-0.09889489412307739,0.5961810350418091,0.18810893595218658,0.38847148418426514,-9.418498051640592,17.289784286729578,99,448
142,14,-0.27690568566322327,1.0288827419281006,-0.6834556460380554,0.38847148418426514,-15.063233038829155,-32.6779450024884,119,432
142,15,0.11867386847734451,1.2602794170379639,0.0004214766377117485,0.38847148418426514,5.379379274883634,0.019077098536885228,119,432
142,16,0.0,2.316147804260254,-0.1458185613155365,0.38847148418426514,0.0,-3.6024367186758846,65,413
142,17,-0.2175687700510025,2.30865478515625,-0.09263528138399124,0.38847148418426514,-5.38368222847785,-2.287647817845152,65,413
142,18,-0.07911591231822968,0.6144347190856934,0.1296442449092865,0.42731863260269165,-7.337154117598198,11.819708871967041,76,468
142,19,-0.03955795615911484,0.6150723695755005,0.14393803477287292,0.42731863260269165,-3.6798704967782325,13.145010053337872,76,468
142,20,0.07911591231822968,1.2633702754974365,0.004912855569273233,0.42731863260269165,3.5833486627746773,0.22236881882333773,120,446
142,21,0.0,2.5240001678466797,-0.19742049276828766,0.42731863260269165,0.0,-4.472415673034881,77,412
142,22,-0.09889489412307739,0.6128156781196594,0.1235867291688919,0.46616578102111816,-9.167236385167135,11.260037039998773,129,445
142,23,0.15823182463645935,1.2154017686843872,-0.3164636492729187,0.46616578102111816,7.417555427100588,-14.477511510134752,104,438
142,24,0.0,2.50398588180542,-0.3736388087272644,0.46616578102111816,0.0,-8.486919825176399,58,412
142,25,-0.09889489412307739,0.6137860417366028,0.11867386847734451,0.5050129294395447,-9.15298897048809,10.80692251960495,168,420
142,26,-0.09889489412307739,0.5984572768211365,0.18073634803295135,0.5438600778579712,-9.383312933761424,16.59210194729474,160,427
142,27,-0.09889489412307739,0.5931800007820129,0.1973683089017868,0.5827072262763977,-9.46528827404587,18.169796233084323,174,416
142,28,-0.09889489412307739,0.5769698023796082,0.24067114293575287,0.6215543746948242,-9.726207255158254,22.349222130313986,133,433
142,29,0.046150948852300644,1.4654768705368042,0.17684917151927948,0.6215543746948242,1.8037684640166727,6.877625068975503,72,432
142,30,0.0,1.2613003253936768,-0.10728201270103455,0.6604015231132507,0.0,-4.861686892648574,116,418
142,31,-0.059336934238672256,0.6214345693588257,0.10438007861375809,0.6992486715316772,-5.454283026452994,9.4923764606576,109,429
142,32,-0.13845284283161163,1.3525193929672241,0.5766714215278625,0.6992486715316772,-5.84481640882898,22.98431552420953,66,412
142,33,-0.09889489412307739,0.6056568026542664,0.1549084186553955,0.7380958199501038,-9.273721421391329,14.167009527797779,60,446
142,34,-0.13845284283161163,1.4500139951705933,0.2435535192489624,0.7380958199501038,-5.454282880581989,9.492376557955888,78,435
142,35,-0.27690568566322327,1.2677685022354126,0.7050630450248718,0.7769429683685303,-12.321028486204717,28.516801068861405,59,433
142,36,-0.11867386847734451,0.5746124982833862,0.23734773695468903,0.8157901167869568,-11.669146600545055,22.02431305788535,54,442
142,37,-0.03955795615911484,0.5961974263191223,0.20876015722751617,0.8157901167869568,-3.796035660336161,19.25862396765544,54,442
142,38,-0.23734773695468903,1.2423598766326904,0.050949811935424805,0.8546372652053833,-10.815792645449257,2.3067403921654304,91,426
142,39,-0.13845284283161163,0.5850700736045837,0.19778978824615479,0.8934844136238098,-13.313738605728881,18.209957223267764,83,412
142,40,-0.07911591231822968,0.5637176632881165,0.2766949534416199,0.8934844136238098,-7.989091918183019,25.92326416880336,83,412
142,41,-0.15823182463645935,0.7637646198272705,0.3221781551837921,0.9323315620422363,-11.704587484893276,22.443456486751824,125,413
142,42,-0.09889489412307739,0.554817795753479,0.28808680176734924,0.9711787104606628,-10.106685367042418,27.07559571556189,117,414
142,43,-0.059336934238672256,0.5698822736740112,0.2689056992530823,0.9711787104606628,-5.944296710052588,25.14182336069661,117,414
142,44,-0.11867386847734451,0.556524932384491,0.27711641788482666,1.0100258588790894,-12.03750867391881,25.96569446148575,116,403
142,45,-0.09889489412307739,0.5976169109344482,0.18349599838256836,1.048872947692871,-9.396272551783321,16.85295083026113,73,417
142,46,0.0,1.0534203052520752,0.0554533526301384,1.0877201557159424,0.0,3.0133395982501794,71,422
142,47,0.0,1.2552974224090576,-0.16314467787742615,1.1265673637390137,0.0,-7.404937785840595,93,408
142,48,-0.03955795615911484,1.201806902885437,-0.39557957649230957,1.1654144525527954,-1.88523292297383,-18.209957571128275,63,409
142,49,0.0,1.6443933248519897,0.9493909478187561,1.9423574209213257,0.0,30.000000532410255,60,393
142,50,0.8307170867919922,1.227571964263916,-1.1867387294769287,1.9423574209213257,34.08682476818589,-38.682189667371944,60,393
142,51,0.15823182463645935,1.1990598440170288,0.3736388087272644,-0.8157901167869568,7.517500326091355,17.1675666033372,106,402
142,52,0.0,0.9872012734413147,0.37175658345222473,-0.7769429683685303,0.0,20.635183760603045,56,401
142,53,0.09230189770460129,1.294370174407959,0.7050630450248718,-0.7380958199501038,4.078873450684535,28.5168006784541,93,390
142,54,0.0,1.3820817470550537,0.5204592347145081,-0.6992486715316772,0.0,20.635184898796908,57,403
142,55,0.27690568566322327,1.2326605319976807,-0.07911591231822968,-0.6604015231132507,12.660785862035603,-3.5833214646545217,58,406
142,56,0.0,1.0213819742202759,0.26371970772743225,-0.6215543746948242,0.0,14.477513042655318,59,408
142,57,-0.3296496272087097,0.9206613302230835,-0.39557957649230957,-0.5827072262763977,-19.70028389994192,-22.024313577780102,89,400
142,58,-0.19778978824615479,0.9738876819610596,-0.35382384061813354,-0.5827072262763977,-11.480231517566853,-19.59787162357321,89,400
142,59,0.0,1.2658545970916748,0.0,-0.5438600778579712,0.0,0.0,80,412
142,60,0.0,1.036237120628357,0.1974385529756546,-0.5050129294395447,0.0,10.787502096024374,98,412
142,61,0.16482481360435486,1.003581166267395,-0.28004831075668335,-0.46616578102111816,9.326802604290153,-15.395423933520302,121,402
142,62,-0.11867386847734451,1.2363606691360474,0.24437017738819122,-0.38847148418426514,-5.4828210404080195,11.130691277527186,176,408
142,63,0.0,1.0515575408935547,0.08364317566156387,-0.3496243357658386,0.0,4.547855784838809,199,409
142,64,-0.03296496346592903,1.0536154508590698,0.03971323370933533,-0.3107771873474121,-1.7920554760779823,2.1575354943185534,209,442
142,65,-0.06592992693185806,1.0514825582504272,-0.05298103019595146,-0.2719300389289856,-3.5878557591691713,-2.8788777062450137,181,453
142,66,-0.07911591231822968,1.262977957725525,0.031863391399383545,-0.23308289051055908,-3.584458853748914,1.4423699695291603,199,456
142,67,-0.07911591231822968,1.2615079879760742,0.06874746829271317,-0.19423574209213257,-3.588624728912589,3.1132158263638,183,461
142,68,0.0,2.4513168334960938,0.6329272985458374,-0.19423574209213257,0.0,14.477512503083895,56,429
142,69,-0.03955795615911484,1.2651326656341553,0.016193164512515068,-0.15538859367370605,-1.7909313344665794,0.7329635933288976,205,468
142,70,-0.03955795615911484,1.2650697231292725,-0.020536959171295166,-0.11654144525527954,-1.7910203827506526,-0.9295954384305716,225,494
142,71,0.03955795615911484,1.2609258890151978,0.10434935986995697,-0.07769429683685303,1.7969024364530732,4.728481698843624,142,524
142,72,0.07911591231822968,1.2383288145065308,0.25034067034721375,-0.038847148418426514,3.6556165166361936,11.40624292256598,233,522
143,0,0.03955795615911484,1.233454704284668,0.28180214762687683,0.0,1.8368954648340263,12.862853711450057,186,534
143,1,0.0,1.255288004875183,0.16321782767772675,0.038847148418426514,0.0,7.4082760545058335,244,529
143,2,0.03955795615911484,1.2548942565917969,0.16144172847270966,0.07769429683685303,1.8055335209497771,7.327216444059763,196,524
143,3,-0.06592992693185806,0.9748623371124268,0.3975752294063568,0.11654144525527954,-3.869021261235891,22.141288335066545,115,520
143,4,0.3296496272087097,0.8335118293762207,-0.5562000274658203,0.11654144525527954,21.57854140625488,-31.82080585487484,115,520
143,5,0.07911591231822968,1.2633644342422485,0.0062253400683403015,0.15538859367370605,3.5833651874727663,0.2817757745759351,101,488
143,6,0.0,1.2550756931304932,0.16484194993972778,0.19423574209213257,0.0,7.482413390263444,177,460
143,7,0.0,1.257106900215149,0.14856012165546417,0.23308289051055908,0.0,6.7397388748169815,181,447
143,8,-0.11867386847734451,1.2298423051834106,0.2753041684627533,0.2719300389289856,-5.511702402479007,12.56134720767417,101,429
143,9,-0.11867386847734451,1.2495405673980713,0.16417258977890015,0.3107771873474121,-5.425336254578745,7.451857580798721,91,441
143,10,0.0,2.3207335472106934,0.0,0.3107771873474121,0.0,0.0,53,424
143,11,0.0,1.2496373653411865,0.20197643339633942,0.3496243357658386,0.0,9.181205015134978,163,412
143,12,0.03955795615911484,1.2578742504119873,0.13629107177257538,0.38847148418426514,1.8012589044190492,6.180859895837697,129,426
143,13,-0.03955795615911484,1.2523422241210938,0.18017257750034332,0.38847148418426514,-1.8092104080665807,8.182855092777936,129,426
143,14,-0.09889489412307739,1.039725661277771,0.14818845689296722,0.42731863260269165,-5.433418308783445,8.075571746338316,60,441
143,15,-0.2966846823692322,0.9972377419471741,-0.17396679520606995,0.42731863260269165,-16.568082329332373,-9.492376644017671,60,441
143,16,0.09230189770460129,1.435168743133545,0.3358554244041443,0.42731863260269165,3.6798708015991117,13.145011478256302,61,439
143,17,-0.507660448551178,1.0116498470306396,-0.9486165642738342,0.42731863260269165,-26.648156241244656,-39.96599032232675,61,439
143,18,0.0,1.2658545970916748,0.0,0.46616578102111816,0.0,0.0,84,439
143,19,0.07911591231822968,1.258744478225708,0.10812496393918991,0.5050129294395447,3.596482716348959,4.8999797686052755,92,419
143,20,0.0,1.2646760940551758,0.05460872873663902,0.5438600778579712,0.0,2.472496537191137,131,418
143,21,0.0,1.256032109260559,0.1573888659477234,0.5827072262763977,0.0,7.142301230047683,100,419
143,22,0.0,0.8171056509017944,0.2109757661819458,0.6215543746948242,0.0,14.477511828619665,67,437
143,23,-0.16482481360435486,1.0229767560958862,0.19778978824615479,0.6604015231132507,-9.152988253408832,10.806922733436616,79,435
143,24,0.0,2.3207335472106934,0.0,0.6604015231132507,0.0,0.0,60,407
143,25,-0.11867386847734451,1.2502533197402954,0.15865328907966614,0.6992486715316772,-5.422261783438096,7.199983873710756,106,423
143,26,-0.19778978824615479,0.957687497138977,0.39557957649230957,0.7380958199501038,-11.669147028057443,22.02431377748559,70,434
143,27,-0.13185985386371613,0.7473092079162598,0.36920759081840515,0.7769429683685303,-10.006623468932153,25.94448105931016,97,423
143,28,0.0,1.2789726257324219,-0.7384151816368103,0.7769429683685303,0.0,-29.99999976159398,71,421
143,29,-0.06592992693185806,1.04452645778656,0.13185985386371613,0.8157901167869568,-3.6116863116852995,7.180755953653309,130,424
143,30,-0.1054878830909729,0.783510684967041,0.29522138833999634,0.8546372652053833,-7.667902541925036,20.47682947385106,128,420
143,31,-0.05274394154548645,0.776432991027832,0.3264080882072449,0.8934844136238098,-3.8861944688468917,22.75452998020725,120,422
143,32,-0.05274394154548645,0.7913776636123657,0.288291335105896,0.9323315620422363,-3.8130246822362284,19.97539898585023,134,434
143,33,-0.05274394154548645,0.7901536822319031,0.29162925481796265,0.9711787104606628,-3.8189137538087774,20.216715542363524,153,439
143,34,-0.07911591231822968,0.7828433513641357,0.30507272481918335,1.0100258588790894,-5.770846760893166,21.192473064496717,157,450
143,35,-0.05274394154548645,0.7864478826522827,0.3014799654483795,1.048872947692871,-3.8368551286393626,20.931084982404876,198,426
143,36,-0.05274394154548645,0.7782469987869263,0.32205915451049805,1.0877201557159424,-3.877163838489078,22.434716158232046,209,445
143,37,-0.05274394154548645,0.7796500325202942,0.3186475336551666,1.1265673637390137,-3.8702078391542676,22.184348207908517,218,445
143,38,-0.05274394154548645,0.7770717144012451,0.3248845934867859,1.1654144525527954,-3.883009940776131,22.642409960359075,229,436
143,39,-0.05274394154548645,0.7724964022636414,0.33561843633651733,1.2042615413665771,-3.905937104651954,23.43433937391069,252,425
143,40,-0.05274394154548645,0.7691930532455444,0.3431217670440674,1.2431087493896484,-3.9226591465690177,23.99074448989061,271,415
143,41,-0.05274394154548645,0.7689448595046997,0.3436776399612427,1.2819559574127197,-3.923921315842018,24.032059770412328,270,416
143,42,-0.05274394154548645,0.7639785408973694,0.35458043217658997,1.3208030462265015,-3.949348697645783,24.845146679524657,257,422
143,43,-0.05274394154548645,0.7672067284584045,0.34754034876823425,1.3596501350402832,-3.9327832185663585,24.319527863006492,251,419
143,44,-0.026371970772743225,0.7634307146072388,0.35867875814437866,1.3984973430633545,-1.978440222768674,25.152160109370865,249,410
143,45,-0.05274394154548645,0.7618009448051453,0.3592349886894226,1.4373445510864258,-3.9606019721810672,25.19388784633097,237,404
143,46,-0.026371970772743225,0.7643020153045654,0.35681840777397156,1.4761916399002075,-1.976186599559865,25.012702118805517,237,397
143,47,-0.05274394154548645,0.7666048407554626,0.34886589646339417,1.5150387287139893,-3.935861280498609,24.418327694014767,227,405
143,48,-0.05274394154548645,0.7604576349258423,0.3620699346065521,1.5538859367370605,-3.967575850535296,25.406784282661658,212,414
143,49,-0.05274394154548645,0.758742094039917,0.36565136909484863,1.5927331447601318,-3.9765179231267713,25.676277833446033,213,407
143,50,-0.05274394154548645,0.7610484957695007,0.3608263432979584,1.6315802335739136,-3.964505340692753,25.313347864850893,204,411
143,51,-0.026371970772743225,0.7624229788780212,0.3608158528804779,1.6704273223876953,-1.9810531520449923,25.312560497432806,210,411
143,52,-0.026371970772743225,0.7542006373405457,0.3777013421058655,1.7092745304107666,-2.002633223624951,26.58755373973014,214,412
143,53,-0.05274394154548645,0.7541427612304688,0.375045508146286,1.748121738433838,-4.000691223082663,26.38609358525316,211,412
143,54,-0.026371970772743225,0.74732905626297,0.3911217153072357,1.7869688272476196,-2.021031941591423,27.611091545657956,227,405
143,55,-0.05274394154548645,0.7344164848327637,0.4123382866382599,1.8258159160614014,-4.107785905797957,29.24916976318339,208,415
143,56,0.0,0.7308414578437805,0.4219515323638916,1.8646631240844727,0.0,30.000001206874515,114,417
143,57,-0.026371970772743225,0.7397414445877075,0.4052893817424774,1.903510332107544,-2.0417444387434593,28.702113504710436,191,405
143,58,-0.026371970772743225,0.7359086871147156,0.41220787167549133,1.9423574209213257,-2.052369175753881,29.239020975234283,195,408
143,59,0.0,0.7033658027648926,0.4663141965866089,1.9812045097351074,0.0,33.5433975110459,122,402
143,60,-0.07911591231822968,0.7450923323631287,0.3882659673690796,1.9812045097351074,-6.06110921469742,27.392502984916973,122,402
143,61,-0.05274394154548645,0.6899473071098328,0.4830767512321472,2.0200517177581787,-4.371549632398705,34.919961504886906,116,415
143,62,0.0,0.6886683702468872,0.4877583682537079,2.05889892578125,0.0,35.30853230704268,130,417
143,63,0.0,0.9049716591835022,0.5420292615890503,2.097745895385742,0.0,30.919336638510327,128,407
143,64,-0.39557957649230957,0.8234645128250122,-0.5274394154548645,2.097745895385742,-25.658907433474724,-30.000000119094302,128,407
143,65,0.03296496346592903,0.8715477585792542,0.5933693647384644,2.1365931034088135,2.1660928403523436,34.22886714502579,86,403
143,66,0.0,1.4768303632736206,0.0,2.2919816970825195,0.0,0.0,64,406
143,67,0.0,1.0433274507522583,0.15568283200263977,2.330828905105591,0.0,8.486919558344967,53,404
143,68,-0.06592992693185806,0.9756738543510437,0.39557957649230957,2.330828905105591,-3.865812962440674,22.02431291499231,53,404
143,69,0.0,1.054878830909729,0.0,2.369676113128662,0.0,0.0,60,406
143,70,0.0,1.054878830909729,0.0,2.4473702907562256,0.0,0.0,55,402
143,71,0.1054878830909729,0.7231884598731995,-0.4219515323638916,-2.330828905105591,8.298921429626516,-30.000001079846502,60,411
143,72,0.15823182463645935,0.8221966624259949,-0.1054878830909729,-2.330828905105591,10.89339487506282,-7.180755927238111,60,411
143,73,0.026371970772743225,0.7583947777748108,-0.36920759081840515,-2.2919816970825195,1.9915670314382745,-25.944480149220546,85,409
143,74,-0.34283560514450073,0.5923202633857727,0.4937538504600525,-2.2919816970825195,-30.062304652864817,35.80889600475113,85,409
143,75,0.1054878830909729,0.8246033191680908,-0.14516893029212952,-2.2531347274780273,7.2900027839915715,-9.905337183279116,104,411
143,76,0.0,0.7767878770828247,-0.3298075199127197,-2.214287519454956,0.0,-23.005039033921822,114,412
143,77,0.05274394154548645,0.7949298620223999,-0.27834686636924744,-2.1754403114318848,3.7960358495350928,-19.25862421882392,120,408
143,78,-0.26371970772743225,0.6036820411682129,0.5274394154548645,-2.1754403114318848,-23.598207505017108,38.68218603579026,120,408
143,79,0.026371970772743225,0.7583947777748108,-0.36920759081840515,-2.1365931034088135,1.9915670314382745,-25.944480149220546,108,400
143,80,-0.26371970772743225,0.6036820411682129,-0.5274394154548645,-2.097745895385742,-23.598207505017108,-38.68218603579026,63,394
143,81,0.07911591231822968,1.1708085536956787,0.47469547390937805,-1.1654144525527954,3.865813197890004,22.024313375971534,63,415
143,82,0.03955795615911484,1.2478951215744019,0.20876015722751617,-1.1265673637390137,1.8156535524813437,9.492376809488906,75,403
143,83,0.0,1.1846415996551514,0.4461079239845276,-1.048872947692871,0.0,20.635183629588788,68,399
143,84,0.07911591231822968,1.1708085536956787,0.47469547390937805,-1.0100258588790894,3.865813197890004,22.024313375971534,65,410
143,85,0.0,1.2591983079910278,0.1296442449092865,-0.9711787104606628,0.0,5.878333162505145,62,407
143,86,0.03955795615911484,1.2478951215744019,0.20876015722751617,-0.8546372652053833,1.8156535524813437,9.492376809488906,87,403
143,87,-0.3164636492729187,1.0495911836624146,-0.6329272985458374,-0.8546372652053833,-16.778654911636753,-30.000000050801344,87,403
143,88,0.03955795615911484,1.217157244682312,0.3454727232456207,-0.8157901167869568,1.8614738890379168,15.837894426389056,127,401
143,89,0.11867386847734451,1.210853099822998,0.3494841456413269,-0.7769429683685303,5.597594921367001,16.02671539325233,130,404
143,90,0.11867386847734451,1.1676337718963623,0.47427400946617126,-0.7380958199501038,5.803397624264541,22.003735477087606,120,410
143,91,0.11867386847734451,1.155242919921875,0.5037045478820801,-0.6992486715316772,5.865211778573971,23.447998302257705,102,408
143,92,0.07911591231822968,1.232299566268921,0.27850720286369324,-0.6604015231132507,3.6734534258091243,12.709923686060502,120,401
143,93,0.0,1.2608779668807983,0.11213640123605728,-0.6215543746948242,0.0,5.082239000881916,131,405
143,94,-0.11867386847734451,1.256340503692627,-0.09956451505422592,-0.5827072262763977,-5.396145452394961,-4.511200996788601,157,401
143,95,-0.07911591231822968,1.2627718448638916,0.03918865695595741,-0.5438600778579712,-3.5850423925832158,1.774061181886436,140,405
143,96,-0.07911591231822968,1.260926604270935,0.0786944329738617,-0.46616578102111816,-3.5902750327451067,3.564207109003195,123,411
143,97,0.0,1.2654458284378052,0.032166220247745514,-0.42731863260269165,0.0,1.4560812064776523,120,412
143,98,-0.11867386847734451,1.2602587938308716,0.007228250615298748,-0.38847148418426514,-5.3794667880460745,0.3271706659959019,132,423
143,99,-0.03955795615911484,1.2564983367919922,0.14844147861003876,-0.3496243357658386,-1.803230050134954,6.734331649876955,176,418
143,100,-0.03955795615911484,1.2492542266845703,0.2004667967557907,-0.3107771873474121,-1.8136795627423772,9.111995409333776,181,430
143,101,0.03955795615911484,1.2569231986999512,0.14479988813400269,-0.2719300389289856,1.8026209292142692,6.568387095148652,195,436
143,102,0.03955795615911484,1.2634319067001343,0.0675491988658905,-0.23308289051055908,1.7933406094172455,3.0589003886073836,251,428
143,103,-0.07911591231822968,1.262300968170166,-0.052200011909008026,-0.19423574209213257,-3.586376232809821,-2.363374625483426,235,442
143,104,0.16482481360435486,0.9082624316215515,0.5105502009391785,-0.15538859367370605,10.28568274079804,28.946283310123412,251,461
143,105,-0.19778978824615479,0.9651512503623962,-0.37700355052948,-0.15538859367370605,-11.581353718100473,-20.940016185613242,251,461
143,106,0.13185985386371613,0.9795076251029968,0.3687100410461426,-0.11654144525527954,7.666979972974877,20.458469130494265,262,485
143,107,0.03296496346592903,1.0376791954040527,0.1868278682231903,-0.07769429683685303,1.8195587752328084,10.201375032084034,231,540
143,108,0.03955795615911484,1.2492127418518066,0.2007254958152771,-0.038847148418426514,1.8137397526019647,9.123854231812889,195,575
144,0,0.03955795615911484,1.2617640495300293,0.09367221593856812,0.0,1.7957095777031737,4.243720409842846,263,517
144,1,0.03296496346592903,1.0451321601867676,0.1392170786857605,0.038847148418426514,1.8065919092107412,7.583704656956295,217,525
144,2,0.03955795615911484,1.256894826889038,0.14504624903202057,0.07769429683685303,1.802661592820623,6.579611641513514,216,469
144,3,0.0,0.814212441444397,0.670691728591919,0.11654144525527954,0.0,39.47932909873066,141,435
144,4,-0.06592992693185806,1.0108586549758911,0.29425734281539917,0.15538859367370605,-3.7316432226420884,16.19748474616447,172,439
144,5,0.0,0.9723988771438599,0.40891289710998535,0.19423574209213257,0.0,22.80771335370717,149,448
144,6,0.0,1.0443683862686157,0.1485396921634674,0.23308289051055908,0.0,8.094841011469034,113,450
144,7,0.0,1.2620000839233398,0.09871024638414383,0.2719300389289856,0.0,4.472415673034881,106,434
144,8,-0.19778978824615479,0.9275414943695068,0.461860716342926,0.3107771873474121,-12.037509865114783,25.965696781029063,66,448
144,9,-0.13185985386371613,0.9868712425231934,0.3485219478607178,0.3496243357658386,-7.610445182803394,19.292478543881582,109,471
144,10,-0.09889489412307739,0.9791266918182373,0.3798685669898987,0.38847148418426514,-5.767495474134696,21.106727008655813,140,467
144,11,-0.09889489412307739,0.9546830058097839,0.4376865327358246,0.42731863260269165,-5.91413256007451,24.51405233942684,147,460
144,12,-0.13185985386371613,0.939529299736023,0.46115827560424805,0.46616578102111816,-7.98909308553054,25.923268409671675,166,412
144,13,-0.13185985386371613,0.9783554673194885,0.37175658345222473,0.5050129294395447,-7.675901386987957,20.635182915109276,102,418
144,14,-0.15823182463645935,1.2546241283416748,0.057175152003765106,0.5438600778579712,-7.188130041261977,2.5887725423504264,85,421
144,15,-0.26371970772743225,1.5814388990402222,-0.5274394154548645,0.6992486715316772,-9.467488447932233,-18.20995727551276,94,402
144,16,-0.15823182463645935,1.6503039598464966,-0.3164636492729187,0.7769429683685303,-5.476801092006547,-10.806922539953156,53,422
144,17,0.0,1.2256584167480469,0.3164636492729187,-0.38847148418426514,0.0,14.477512503083895,89,418
144,18,0.03955795615911484,1.201806902885437,0.39557957649230957,-0.3107771873474121,1.88523292297383,18.209957571128275,102,422
144,19,0.11867386847734451,1.1710789203643799,0.46570223569869995,-0.2719300389289856,5.786440871030704,21.58588675803682,113,423
144,20,-0.19778978824615479,1.236207127571106,0.187240868806839,-0.23308289051055908,-9.090125442949489,8.506207553188935,69,444
144,21,-0.15823182463645935,1.2154017686843872,0.3164636492729187,-0.19423574209213257,-7.417555427100588,14.477511510134752,120,432
144,22,0.0,1.2586058378219604,0.13527418673038483,-0.15538859367370605,0.0,6.1345659254922165,204,453
144,23,0.0,2.5317091941833496,0.0,-0.15538859367370605,0.0,0.0,53,432
144,24,-0.03955795615911484,1.261840581893921,0.09263613820075989,-0.11654144525527954,-1.7956007367513294,4.196697270178886,197,528
144,25,0.13185985386371613,1.044127345085144,0.07197532057762146,-0.07769429683685303,7.197617800179373,3.9123815936502693,194,542
144,26,0.07911591231822968,1.2621725797653198,0.055216532200574875,-0.038847148418426514,3.5867400873188777,2.500033120795294,249,563
145,0,0.19778978824615479,1.2384322881698608,0.17190907895565033,0.0,9.074064680029984,7.805157298226594,186,522
145,1,-0.03955795615911484,1.264193058013916,-0.051371291279792786,0.038847148418426514,-1.792261570873183,-2.325833187435135,174,520
145,2,0.0,1.236642599105835,0.27037563920021057,0.07769429683685303,0.0,12.332900041178775,190,496
145,3,0.0,1.2530447244644165,0.179629847407341,0.11654144525527954,0.0,8.158038039825204,225,451
145,4,0.0,1.005686640739441,0.3183768093585968,0.15538859367370605,0.0,17.566566065017533,236,431
145,5,0.0,0.9751953482627869,0.4021981954574585,0.19423574209213257,0.0,22.412638480043963,168,425
145,6,-0.47469547390937805,1.4604573249816895,-0.7002984285354614,0.23308289051055908,-18.005823772641733,-24.514052536832136,82,424
145,7,-0.3164636492729187,1.4037740230560303,-0.8820198178291321,0.23308289051055908,-12.704253630075637,-31.50571390505442,82,424
145,8,0.0,1.161505103111267,0.5032830238342285,0.2719300389289856,0.0,23.427203779594613,108,431
145,9,-0.19778978824615479,1.1568626165390015,0.47427400946617126,0.3107771873474121,-9.702099983767095,22.00373691083419,106,431
145,10,0.0,1.4690645933151245,-0.15125161409378052,0.3496243357658386,0.0,-5.878333365535433,68,416
145,11,-0.6461132764816284,0.954778254032135,0.9230189919471741,0.3496243357658386,-34.086822562777414,38.68218804868909,68,416
145,12,0.0,0.7048825025558472,0.464018315076828,0.38847148418426514,0.0,33.35657904495822,115,420
145,13,-0.15823182463645935,1.6503039598464966,-0.3164636492729187,0.38847148418426514,-5.476801092006547,-10.806922539953156,67,404
145,14,-0.09889489412307739,0.9510648846626282,0.4454938769340515,0.42731863260269165,-5.936471226084126,24.98099210563181,203,416
145,15,-0.06592992693185806,0.933671236038208,0.48649829626083374,0.46616578102111816,-4.039159134717986,27.46384521453751,239,426
145,16,-0.06592992693185806,0.92766934633255,0.49784761667251587,0.5050129294395447,-4.065204589528248,28.160798117366273,265,407
145,17,-0.06592992693185806,0.9212892055511475,0.5095574855804443,0.5438600778579712,-4.0932617065609715,28.88468446345075,238,403
145,18,-0.09889489412307739,0.9110404253005981,0.5224887728691101,0.5827072262763977,-6.195290470142026,29.689989929128814,167,413
145,19,-0.06592992693185806,0.9381329417228699,0.47783806920051575,0.6215543746948242,-4.020012260832863,26.934980976697844,90,412
145,20,0.0,1.6342113018035889,0.4219515323638916,0.6992486715316772,0.0,14.477511828619665,81,396
145,21,0.0,1.461682915687561,0.8439030647277832,0.7380958199501038,0.0,30.000001206874515,60,404
145,22,-0.26371970772743225,1.665713906288147,0.06737111508846283,0.7380958199501038,-8.99652843667011,2.2876479249759325,60,404
145,23,0.0,1.2633533477783203,0.07953739166259766,-0.3496243357658386,0.0,3.6024364739007844,90,401
145,24,0.0,1.2505590915679932,0.19618825614452362,-0.3107771873474121,0.0,8.915916264250052,127,402
145,25,-0.03955795615911484,1.253821611404419,0.16957150399684906,-0.2719300389289856,-1.807077132331539,7.698377201453806,158,413
145,26,0.0,1.246578335762024,0.22006911039352417,-0.23308289051055908,0.0,10.011755132869785,153,409
145,27,-0.07911591231822968,1.2556909322738647,0.1391722559928894,-0.19423574209213257,-3.605205480611509,6.312047987286131,190,415
145,28,-0.03955795615911484,1.2544296979904175,0.16501270234584808,-0.15538859367370605,-1.806201729490789,7.490208457774828,215,429
145,29,0.0,1.2649506330490112,0.04783042147755623,-0.11654144525527954,0.0,2.1654412928449065,171,457
145,30,0.27690568566322327,1.2145061492919922,0.22513528168201447,-0.07769429683685303,12.843805890726072,10.244693338991924,163,523
145,31,-0.15823182463645935,0.9592540860176086,-0.8106677532196045,-0.07769429683685303,-9.36676270714216,-39.822504869822595,163,523
145,32,0.27690568566322327,1.2150452136993408,0.22220779955387115,-0.038847148418426514,12.838296498928319,10.11006951748529,190,561
146,0,0.0,1.25777268409729,0.14281421899795532,0.0,0.0,6.4779245024035355,198,534
146,1,-0.08570890128612518,2.521329164505005,1.0760451555252075,0.0,-1.9469366141318576,23.099729914927085,65,492
146,2,0.0,1.2593110799789429,0.12854330241680145,0.038847148418426514,0.0,5.828240978257703,186,578
146,3,0.0,2.5988337993621826,0.8765743970870972,0.038847148418426514,0.0,18.639008435796498,56,542
146,4,0.0,1.2645630836486816,0.057167064398527145,0.07769429683685303,0.0,2.588406220963952,189,551
146,5,0.03955795615911484,1.2622921466827393,0.0862639918923378,0.11654144525527954,1.7949588096362097,3.9075549181672837,126,532
146,6,0.03955795615911484,1.239832878112793,-0.2522644102573395,0.15538859367370605,1.8274521970285127,-11.49508565757705,54,473
146,7,0.0,1.0103822946548462,0.7625715732574463,0.19423574209213257,0.0,37.04315756515646,55,417
146,8,-0.27690568566322327,1.0093094110488892,0.7120432257652283,0.19423574209213257,-15.341708729227843,34.228867908039625,55,417
146,9,-0.07911591231822968,1.1708085536956787,0.47469547390937805,0.23308289051055908,-3.865813197890004,22.024313375971534,85,410
146,10,0.03955795615911484,1.201806902885437,0.39557957649230957,0.23308289051055908,1.88523292297383,18.209957571128275,85,410
146,11,0.0,1.1846415996551514,0.4461079239845276,0.3496243357658386,0.0,20.635183629588788,74,404
146,12,0.0,1.1846415996551514,0.4461079239845276,0.42731863260269165,0.0,20.635183629588788,81,396
146,13,0.07911591231822968,1.1094602346420288,0.6043397188186646,0.46616578102111816,4.078873138693417,28.516797488515607,89,389
146,14,0.0,1.2256584167480469,0.3164636492729187,0.5050129294395447,0.0,14.477512503083895,55,391
146,15,0.0,1.2256584167480469,0.3164636492729187,0.5438600778579712,0.0,14.477512503083895,88,407
146,16,0.0,1.2116162776947021,0.36657050251960754,0.5827072262763977,0.0,16.83301719396295,105,403
146,17,0.0,1.1846415996551514,0.4461079239845276,0.6215543746948242,0.0,20.635183629588788,63,398
146,18,0.07911591231822968,1.2153469324111938,0.34505119919776917,0.6215543746948242,3.724550458390422,15.818064139078658,63,398
146,19,0.0,0.8843337893486023,0.5750853419303894,-0.2719300389289856,0.0,33.03608959143533,90,407
146,20,-0.4944744408130646,0.8094896078109741,-0.46150949597358704,-0.2719300389289856,-31.418553908363233,-25.9444794410928,90,407
146,21,-0.13185985386371613,0.925304114818573,0.48907527327537537,-0.23308289051055908,-8.110291655380193,27.62170439815459,152,400
146,22,-0.06592992693185806,0.9519103765487671,0.4497658312320709,-0.23308289051055908,-3.9620154379955,25.237238427147886,152,400
146,23,-0.09889489412307739,0.953134298324585,0.4410489797592163,-0.19423574209213257,-5.923673906042707,24.714937602108076,189,413
146,24,-0.06592992693185806,0.9497879147529602,0.45423072576522827,-0.15538859367370605,-3.9708409401714384,25.50563723286064,209,419
146,25,-0.09889489412307739,0.950343906879425,0.44702982902526855,-0.11654144525527954,-5.94094272675427,25.07306199619594,183,435
146,26,0.23075474798679352,1.0225738286972046,-0.11774683743715286,-0.07769429683685303,12.71641081712682,-6.4087790231536506,137,451
146,27,0.15823182463645935,1.254488468170166,0.06007738783955574,-0.038847148418426514,7.188899232397049,2.7202762852111424,195,479
147,0,0.03296496346592903,1.0542705059051514,0.014015203341841698,0.0,1.790942734851261,0.7612586207869937,259,532
147,1,-0.18460379540920258,2.9246740341186523,-0.36920759081840515,0.0,-3.6116863704141613,-7.180756069046116,83,477
147,2,0.06592992693185806,1.0509120225906372,0.06329746544361115,0.038847148418426514,3.589798498677759,3.440070363165306,261,580
147,3,-0.17141780257225037,2.690768241882324,0.5026956796646118,0.038847148418426514,-3.645153104281682,10.561217276060386,74,533
147,4,0.09889489412307739,1.044669508934021,0.10795767605304718,0.07769429683685303,5.4078577199872795,5.874008999188737,242,543
147,5,-0.18460379540920258,2.940112829208374,0.21393820643424988,0.07769429683685303,-3.5927708885241203,4.153659123332818,56,519
147,6,-0.03955795615911484,1.2630155086517334,0.07493168860673904,0.11654144525527954,-1.7939314617627902,3.393581600641289,248,486
147,7,0.0,1.2617748975753784,0.10154785215854645,0.15538859367370605,0.0,4.601256703674929,290,447
147,8,0.0,1.2631466388702393,0.08275468647480011,0.19423574209213257,0.0,3.7483596666761234,287,433
147,9,0.0,1.2655415534973145,0.028150396421551704,0.23308289051055908,0.0,1.2742631566451454,243,418
147,10,-0.11867386847734451,1.2377279996871948,-0.23734773695468903,0.2719300389289856,-5.476800960936588,-10.806922288183708,57,414
147,11,0.0,1.1846415996551514,0.4461079239845276,0.38847148418426514,0.0,20.635183629588788,53,414
147,12,0.0,1.2256584167480469,0.3164636492729187,0.42731863260269165,0.0,14.477512503083895,75,409
147,13,0.0,1.461682915687561,0.8439030647277832,-0.6215543746948242,0.0,30.000001206874515,61,406
147,14,-0.15823182463645935,1.6503039598464966,-0.3164636492729187,-0.5827072262763977,-5.476801092006547,-10.806922539953156,92,396
147,15,-0.2109757661819458,1.6540110111236572,-0.2615843415260315,-0.5438600778579712,-7.2690544716078085,-8.915916242258124,103,413
147,16,-0.1054878830909729,1.6626579761505127,-0.27042585611343384,-0.5438600778579712,-3.6302838244353683,-9.219857433849159,103,413
147,17,-0.07911591231822968,1.1415727138519287,0.5412395000457764,-0.5050129294395447,-3.96450544386157,25.313347830525856,109,411
147,18,-0.09889489412307739,0.9370050430297852,0.47435298562049866,-0.46616578102111816,-6.024898083635242,26.722854603368926,161,417
147,19,-0.06592992693185806,0.9273776412010193,0.49839073419570923,-0.42731863260269165,-4.066479003944585,28.194264322273465,175,423
147,20,-0.09889489412307739,0.9236161708831787,0.49992233514785767,-0.38847148418426514,-6.111579560421348,28.288694051907704,167,421
147,21,-0.13185985386371613,0.9066535234451294,0.5228400230407715,-0.3496243357658386,-8.274839402166137,29.711954379562147,125,419
147,22,-0.046150948852300644,1.438995122909546,0.3289245069026947,-0.3107771873474121,-1.8369405783141912,12.8690342032021,141,420
147,23,-0.13845284283161163,1.4322075843811035,0.33262619376182556,-0.2719300389289856,-5.5216785769279255,13.016391013774523,129,417
147,24,-0.11867386847734451,1.2377279996871948,-0.23734773695468903,-0.15538859367370605,-5.476800960936588,-10.806922288183708,85,459
147,25,0.07911591231822968,1.1923948526382446,0.41752031445503235,-0.15538859367370605,3.796035660336161,19.25862396765544,85,459
147,26,0.11867386847734451,1.2600884437561035,-0.02194076031446457,-0.11654144525527954,5.380189765476601,-0.9931440454950548,69,477
147,27,-0.03955795615911484,1.245347023010254,0.22345896065235138,-0.07769429683685303,-1.8193660582943791,10.167598568539725,195,495
147,28,0.0,1.2459808588027954,0.22342684864997864,-0.038847148418426514,0.0,10.166122198461766,221,510
148,0,0.23734773695468903,1.2427730560302734,0.039611220359802246,0.0,10.812281542737262,1.7931967106983517,247,510
148,1,0.19778978824615479,1.2502920627593994,0.006070663221180439,0.038847148418426514,8.989403829110003,0.27477461640208445,236,564
148,2,0.08570890128612518,2.509976387023926,1.1022670269012451,0.038847148418426514,1.9557359048916783,23.696599735185355,79,505
148,3,0.15823182463645935,1.2547059059143066,-0.05534982681274414,0.07769429683685303,7.187666442749574,-2.5060721261693817,238,532
148,4,-0.11867386847734451,1.1958982944488525,0.3976576030254364,0.07769429683685303,-5.667140437552249,18.309001905853687,238,532
148,5,0.07252292335033417,2.315060615539551,0.14504584670066833,0.07769429683685303,1.7942938264926744,3.5833219262319544,55,513
148,6,-0.11867386847734451,1.2602205276489258,0.012194256298244,0.11654144525527954,-5.3796291754814245,0.5519513903321756,228,504
148,7,0.03955795615911484,1.2498984336853027,0.1964099109172821,0.15538859367370605,1.8127454025712801,8.926072033127404,186,471
148,8,0.0,2.525568962097168,0.17621831595897675,0.15538859367370605,0.0,3.9912704923949645,89,425
148,9,-0.05274394154548645,0.8102313280105591,0.23003414273262024,0.19423574209213257,-3.724550276240281,15.818064054164033,90,460
148,10,-0.19778978824615479,1.2216978073120117,-0.2659353017807007,0.19423574209213257,-9.196248967388101,-12.12725176537954,127,445
148,11,0.23734773695468903,1.2043811082839966,0.309063583612442,0.19423574209213257,11.148438186129273,14.131847832702617,127,445
148,12,0.03955795615911484,1.2639628648757935,0.056753676384687424,0.23308289051055908,1.7925877649230995,2.5696762066666623,120,435
148,13,-0.03955795615911484,1.264380931854248,-0.04651689901947975,0.23308289051055908,-1.7919954331165828,-2.105946654409061,120,435
148,14,0.0,1.2399134635925293,0.25495603680610657,0.2719300389289856,0.0,11.619435820943915,149,419
148,15,0.0,1.2450872659683228,0.22835448384284973,0.3107771873474121,0.0,10.392797228920838,133,399
148,16,0.0,1.254335641860962,0.17038223147392273,0.3496243357658386,0.0,7.735408026883666,120,405
148,17,0.0,1.264562726020813,0.057175152003765106,0.38847148418426514,0.0,2.5887726439612506,74,407
148,18,0.0,1.25199294090271,-0.1868194043636322,0.42731863260269165,0.0,-8.486919825176399,54,412
148,19,-0.27690568566322327,1.2304922342300415,-0.10770349204540253,0.42731863260269165,-12.682374902498552,-4.8808332719245096,54,412
148,20,0.03955795615911484,1.236972689628601,0.2659353017807007,0.5050129294395447,1.831674845892223,12.127252018709859,71,393
148,21,0.07911591231822968,1.253431797027588,0.15823182463645935,0.5438600778579712,3.6116861746512954,7.180755684403435,56,394
148,22,0.0,1.6878061294555664,0.0,-0.7380958199501038,0.0,0.0,62,416
148,23,-0.11867386847734451,1.2377279996871948,-0.23734773695468903,-0.6604015231132507,-5.476800960936588,-10.806922288183708,76,419
148,24,-0.15823182463645935,1.2154017686843872,-0.3164636492729187,-0.6215543746948242,-7.417555427100588,-14.477511510134752,89,408
148,25,-0.07911591231822968,1.1415727138519287,0.5412395000457764,-0.6215543746948242,-3.96450544386157,25.313347830525856,89,408
148,26,-0.23075474798679352,1.394439458847046,0.42815732955932617,-0.5827072262763977,-9.396272353133174,16.85295083938225,62,406
148,27,-0.13185985386371613,1.0128347873687744,-0.26371970772743225,-0.42731863260269165,-7.4175555709862815,-14.477511777662764,54,409
148,28,-0.13185985386371613,0.7841057777404785,0.2827780842781067,-0.38847148418426514,-9.545879976947383,19.577622901639852,103,405
148,29,-0.16482481360435486,0.9915971755981445,0.31990182399749756,-0.3496243357658386,-9.437506069590546,17.653470262956926,178,414
148,30,-0.13185985386371613,0.9876371026039124,0.34634560346603394,-0.3107771873474121,-7.604612777005278,19.167285763939446,216,423
148,31,-0.09889489412307739,0.9953282475471497,0.3351280689239502,-0.2719300389289856,-5.674232138238841,18.523490289827482,173,452
148,32,-0.13185985386371613,1.0008552074432373,0.3060573637485504,-0.23308289051055908,-7.505332572956789,16.86604436102103,127,446
148,33,0.0,1.2633533477783203,0.07953739166259766,-0.19423574209213257,0.0,3.6024364739007844,112,436
148,34,-0.07911591231822968,1.253179669380188,0.16021670401096344,-0.15538859367370605,-3.612410887115162,7.271315391652094,146,465
148,35,0.0,1.2489815950393677,0.20599225163459778,-0.11654144525527954,0.0,9.365378706622957,148,458
148,36,0.0,1.239328384399414,0.25778502225875854,-0.038847148418426514,0.0,11.750192672464703,138,511
149,0,-0.09889489412307739,1.0433772802352905,0.11980476975440979,0.0,-5.414515602608657,6.521270406495954,156,545
149,1,0.23075474798679352,0.9967882633209229,-0.2567776143550873,0.0,13.03426875295136,-14.08842444881975,156,545
149,2,0.19778978824615479,0.9004391431808472,0.5126967430114746,0.038847148418426514,12.388795073231554,29.0796026974619,196,545
149,3,-0.13185985386371613,1.041477084159851,-0.10347826778888702,0.038847148418426514,-7.21574086471261,-5.629478904582095,196,545
149,4,0.16482481360435486,0.8719543218612671,0.570348858833313,0.07769429683685303,10.704271926366875,32.72974544203119,181,547
149,5,-0.19778978824615479,1.0322275161743164,-0.09030444920063019,0.07769429683685303,-10.847223140024978,-4.910899979296599,181,547
149,6,-0.18460379540920258,0.823215663433075,-0.02024395391345024,0.11654144525527954,-12.639322182271938,-1.3745706363727976,131,551
149,7,0.1054878830909729,0.6643782258033752,0.5095549821853638,0.11654144525527954,9.02193198937596,37.14307723007019,131,551
149,8,-0.15823182463645935,0.8287498950958252,0.017569757997989655,0.15538859367370605,-10.809293916500355,1.192963687153741,136,528
149,9,0.0,1.2564949989318848,0.15364915132522583,0.15538859367370605,0.0,6.971740497388399,164,502
149,10,-0.39557957649230957,1.0604523420333862,-0.5668734908103943,0.15538859367370605,-20.456978769781387,-26.60382597308262,164,502
149,11,-0.15823182463645935,0.8207511901855469,0.11620031297206879,0.19423574209213257,-10.91211968400872,7.914424924316572,140,482
149,12,-0.16482481360435486,1.0350180864334106,0.11974857747554779,0.23308289051055908,-9.048274742850959,6.518198900290828,243,450
149,13,-0.1054878830909729,0.8297897577285767,0.11177502572536469,0.2719300389289856,-7.244923684304364,7.61119587470404,231,462
149,14,-0.13185985386371613,1.0405675172805786,0.1122564896941185,0.3107771873474121,-7.221981624664217,6.108782186210725,244,434
149,15,0.6527063250541687,1.804349422454834,1.3054126501083374,0.3107771873474121,19.88711109076146,34.22886589981346,67,406
149,16,-0.13185985386371613,0.8283978700637817,0.09242499619722366,0.3496243357658386,-9.044156434509906,6.287696245684381,166,423
149,17,0.0,1.4710242748260498,0.13082580268383026,0.3496243357658386,0.0,5.082239117151704,130,412
149,18,-0.507660448551178,1.021789312362671,-0.9376862049102783,0.3496243357658386,-26.419783715753912,-39.41490826482851,130,412
149,19,-0.07911591231822968,1.2586898803710938,0.10875818133354187,0.38847148418426514,-3.596638310531703,4.928746712040425,176,417
149,20,0.03955795615911484,1.23631751537323,0.26896482706069946,0.42731863260269165,1.8326448621378832,12.267542804594921,150,413
149,21,-0.03955795615911484,1.2513048648834229,0.187240868806839,0.42731863260269165,-1.8107092852189883,8.506207996563829,150,413
149,22,-0.13845284283161163,1.4655518531799316,0.11839117109775543,0.5050129294395447,-5.396799520973212,4.598091488553105,133,410
149,23,-0.15823182463645935,1.2513357400894165,0.10728201270103455,0.5438600778579712,-7.206821391374882,4.861686993142116,156,391
149,24,0.0,1.2256584167480469,0.3164636492729187,0.5827072262763977,0.0,14.477512503083895,113,405
149,25,0.0,1.4768303632736206,0.0,0.6215543746948242,0.0,0.0,53,401
149,26,-0.3230566382408142,1.2880994081497192,-0.6461132764816284,0.6215543746948242,-14.079430391031893,-25.94447870764084,53,401
149,27,-0.06592992693185806,0.9245501756668091,0.503616452217102,-1.5150387287139893,-4.078873226050925,28.516798950629237,122,407
149,28,-0.06592992693185806,0.9344602227210999,0.4849812388420105,-1.4761916399002075,-4.035760051600814,27.371017695076286,142,407
149,29,0.0,0.9872012734413147,0.37175658345222473,-1.4373445510864258,0.0,20.635183760603045,61,399
149,30,0.0,1.25199294090271,0.1868194043636322,-0.8157901167869568,0.0,8.486919825176399,54,411
149,31,0.0,1.2658545970916748,0.0,-0.7769429683685303,0.0,0.0,59,429
149,32,0.0,1.2658545970916748,0.0,-0.6604015231132507,0.0,0.0,67,419
149,33,0.0,1.2591983079910278,-0.1296442449092865,-0.6215543746948242,0.0,-5.878333162505145,69,414
149,34,-0.11867386847734451,1.1672910451889038,0.47511693835258484,-0.5050129294395447,-5.805089916500118,22.04489177035078,103,401
149,35,-0.23734773695468903,1.185195803642273,0.3759852349758148,-0.5050129294395447,-11.324275483651904,17.2787568749739,103,401
149,36,-0.19778978824615479,1.181431770324707,0.4092504680156708,-0.46616578102111816,-9.504052994742183,18.862597866399923,129,410
149,37,0.0,1.0143767595291138,0.2894980311393738,-0.42731863260269165,0.0,15.928480166413491,131,415
149,38,-0.09889489412307739,1.0265851020812988,0.22161276638507843,-0.38847148418426514,-5.502543306970421,12.127252576616737,138,423
149,39,-0.15823182463645935,1.2282214164733887,0.2623409628868103,-0.3496243357658386,-7.340983056571827,11.960900946052888,146,422
149,40,-0.09889489412307739,1.0318130254745483,0.1958344280719757,-0.3107771873474121,-5.474833200402835,10.69881918043385,141,425
149,41,-0.16482481360435486,0.9992546439170837,0.2951139807701111,-0.2719300389289856,-9.366471191353664,16.245942527091586,134,427
149,42,-0.3164636492729187,0.9669148921966553,-0.7532026767730713,-0.23308289051055908,-18.122865191594478,-36.513712122617605,83,444
149,43,0.11867386847734451,1.2216047048568726,0.309816837310791,-0.23308289051055908,5.54863808282222,14.167009116001841,83,444
149,44,-0.03296496346592903,1.0500544309616089,0.09522707015275955,-0.19423574209213257,-1.7981288402331195,5.179312783147215,137,471
149,45,-0.36920759081840515,2.835937261581421,-0.7384151816368103,-0.19423574209213257,-7.4175559409780805,-14.477512465591982,66,429
149,46,-0.13185985386371613,1.0463745594024658,0.021967874839901924,-0.15538859367370605,-7.182321653572446,1.1932721408269504,103,520
149,47,-0.13185985386371613,0.8302477598190308,0.07398620247840881,-0.11654144525527954,-9.024336973209575,5.029661415561438,76,568
149,48,-0.15823182463645935,0.8248003721237183,0.08270108699798584,-0.07769429683685303,-10.859825819688533,5.623916562135943,130,572
149,49,0.11867386847734451,1.244213342666626,0.20059283077716827,-0.038847148418426514,5.448425890718055,9.117773208211018,173,576
150,0,0.03955795615911484,1.2515480518341064,0.1856086552143097,0.0,1.8103576824000627,8.431515191174471,278,513
150,1,0.0,1.0440245866775513,0.15093716979026794,0.038847148418426514,0.0,8.22639219885696,188,514
150,2,0.27690568566322327,1.1787077188491821,0.36926841735839844,0.07769429683685303,13.220376341315252,16.9606419352065,121,495
150,3,-0.15823182463645935,1.0759408473968506,0.6478440165519714,0.07769429683685303,-8.36615871505013,30.78272813828459,121,495
150,4,0.0,1.2621461153030396,0.09682444483041763,0.11654144525527954,0.0,4.386803980663843,189,456
150,5,0.0,1.26108717918396,0.1097588762640953,0.15538859367370605,0.0,4.974210359266608,261,435
150,6,0.0,1.2530025243759155,0.1799238920211792,0.19423574209213257,0.0,8.171483607208588,191,422
150,7,-0.07911591231822968,1.2616839408874512,0.06543759256601334,0.23308289051055908,-3.5881255712242486,2.963191731990531,223,436
150,8,-0.07911591231822968,1.26023530960083,0.08908146619796753,0.2719300389289856,-3.592239301477436,4.035387804495813,240,431
150,9,-0.07911591231822968,1.261258840560913,0.07317513972520828,0.3107771873474121,-3.5893317680785106,3.3139393226778715,191,425
150,10,-0.11867386847734451,1.2587485313415527,0.06210064888000488,0.3496243357658386,-5.385883208780211,2.8119610974746223,137,424
150,11,-0.11867386847734451,1.259914755821228,-0.030320804566144943,0.38847148418426514,-5.380927108532768,-1.3725274701637362,169,414
150,12,-0.07911591231822968,1.2606533765792847,0.08295562118291855,0.42731863260269165,-3.5910511349647587,3.757473873153417,207,402
150,13,-0.07911591231822968,1.2619564533233643,0.05995461344718933,0.46616578102111816,-3.5873527591942507,2.7147129040879294,230,407
150,14,-0.07911591231822968,1.2630562782287598,0.028587576001882553,0.5050129294395447,-3.5842371654809075,1.2940560331962514,202,413
150,15,-0.11867386847734451,1.2577846050262451,-0.07926054298877716,0.5438600778579712,-5.389986479579772,-3.589880930297785,163,413
150,16,-0.15823182463645935,1.2547829151153564,0.05357762426137924,0.5827072262763977,-7.187229930600994,2.4257832411094897,171,410
150,17,0.0,1.2641043663024902,-0.06654402613639832,0.6215543746948242,0.0,-3.013339732956509,110,418
150,18,-0.03955795615911484,1.2606438398361206,0.10770349204540253,0.6604015231132507,-1.7973042013853568,4.8808335382402,119,409
150,19,0.0,1.2256584167480469,0.3164636492729187,0.6992486715316772,0.0,14.477512503083895,109,406
150,20,0.09230189770460129,1.3659433126449585,0.5538113713264465,0.7380958199501038,3.865813197890004,22.024312840047173,93,400
150,21,-0.36920759081840515,1.3814482688903809,-0.36920759081840515,0.7380958199501038,-14.963217869906652,-14.477512582420092,93,400
150,22,0.0,1.2591983079910278,0.1296442449092865,0.8934844136238098,0.0,5.878333162505145,56,410
150,23,-0.13185985386371613,0.7375872135162354,-0.3882659673690796,2.369676113128662,-10.1358014657446,-27.39250283326607,75,406
150,24,-0.2109757661819458,0.761059582233429,-0.29740527272224426,2.4085230827331543,-15.494076186626422,-20.63518421682408,111,403
150,25,-0.23734773695468903,0.7302286624908447,-0.3501492142677307,2.4473702907562256,-18.005823772641733,-24.514052536832136,108,410
150,26,-0.13185985386371613,0.671559751033783,0.4937538504600525,-2.486217498779297,-11.108631716236998,35.808896768092644,106,403
150,27,-0.15823182463645935,0.7661499977111816,0.3164636492729187,-2.4473702907562256,-11.669146600545055,22.02431305788535,85,407
150,28,-0.39557957649230957,0.6475916504859924,-0.36920759081840515,-2.4473702907562256,-31.41855685214317,-25.94447961456183,85,407
150,29,-0.1054878830909729,0.7671177387237549,0.33552202582359314,-2.369676113128662,-7.829750474092442,23.427205466188443,89,416
150,30,-0.1054878830909729,0.7310452461242676,0.4081880748271942,-2.330828905105591,-8.210952778542465,28.92672779439848,138,425
150,31,-0.07911591231822968,0.7478669881820679,0.38289424777030945,-2.2919816970825195,-6.038788406925284,26.98249685115832,171,411
150,32,-0.1054878830909729,0.7231884598731995,0.4219515323638916,-2.2531347274780273,-8.298921429626516,30.000001079846502,178,399
150,33,-0.07911591231822968,0.7450923323631287,0.3882659673690796,-2.1754403114318848,-6.06110921469742,27.392502984916973,109,407
150,34,-0.13185985386371613,0.7429668307304382,0.3778698444366455,-2.1365931034088135,-10.063916452373745,26.600348256372694,116,415
150,35,-0.1054878830909729,0.7516234517097473,0.36892661452293396,-2.097745895385742,-7.989092960457577,25.923267695321506,142,406
150,36,-0.07911591231822968,0.7418041825294495,0.394511878490448,-2.05889892578125,-6.087774610661059,27.871154476560882,114,414
150,37,-0.1054878830909729,0.7604231834411621,0.3504301905632019,-2.0200517177581787,-7.897815306743249,24.535018745086063,127,413
150,38,-0.026371970772743225,0.7386229038238525,0.4073243737220764,-2.0200517177581787,-2.0448337514157453,28.85974906898716,127,413
150,39,-0.05274394154548645,0.7364985942840576,0.4086076617240906,-1.9812045097351074,-4.096212624756779,28.95928155904963,130,408
150,40,0.0,0.7650707960128784,0.3561447262763977,-1.9423574209213257,0.0,24.962240812962094,91,407
150,41,-0.1054878830909729,0.7643555402755737,0.34176793694496155,-1.903510332107544,-7.857692497526705,23.89017591937693,104,423
150,42,-0.1054878830909729,0.7671177387237549,0.33552202582359314,-1.8646631240844727,-7.829750474092442,23.427205466188443,122,427
150,43,-0.09230189770460129,1.1491492986679077,-0.9230189919471741,-1.8646631240844727,-4.5922491321571215,-38.68218941025025,82,419
150,44,-0.1054878830909729,0.7516234517097473,0.36892661452293396,-1.8258159160614014,-7.989092960457577,25.923267695321506,118,415
150,45,-0.23075474798679352,1.1990368366241455,-0.8307170867919922,-1.8258159160614014,-10.893394716367792,-34.228866308135714,146,391
150,46,-0.18460379540920258,1.4179686307907104,-0.36920759081840515,-1.7869688272476196,-7.4175559409780805,-14.477512465591982,119,403
150,47,-0.13185985386371613,0.7760001420974731,0.30431756377220154,-1.748121738433838,-9.643727399550876,21.13749345139822,153,404
150,48,-0.1054878830909729,0.748791515827179,0.3746411204338074,-1.7092745304107666,-8.018915484416675,26.355448559598276,185,410
150,49,-0.1054878830909729,0.7738292813301086,0.31973889470100403,-1.6704273223876953,-7.762673346342799,22.26439022413282,199,415
150,50,-0.1054878830909729,0.7885009050369263,0.28162211179733276,-1.6315802335739136,-7.619946331270572,19.494344706444593,188,421
150,51,-0.1054878830909729,0.7924550771713257,0.2702953815460205,-1.5927331447601318,-7.582367974939277,18.6805840240767,184,416
150,52,-0.1054878830909729,0.773429274559021,0.3207051455974579,-1.5538859367370605,-7.766639105022856,22.335297018841533,197,405
150,53,-0.1054878830909729,0.7706257700920105,0.32738444209098816,-1.5150387287139893,-7.794547112973779,22.826432069464527,182,420
150,54,-0.07911591231822968,0.7693056464195251,0.3377600312232971,-1.4761916399002075,-5.871694651718738,23.592907153893922,194,421
150,55,-0.07911591231822968,0.7781078219413757,0.3169563114643097,-1.4373445510864258,-5.8057286813108036,22.060398737646498,206,423
150,56,-0.1054878830909729,0.7793377637863159,0.30606749653816223,-1.3984973430633545,-7.708467544691287,21.26492934797792,213,415
150,57,-0.07911591231822968,0.7849767208099365,0.29954060912132263,-1.3596501350402832,-5.7552684767830975,20.790178294566566,200,418
150,58,-0.13185985386371613,0.7841057777404785,0.2827780842781067,-1.3208030462265015,-9.545879976947383,19.577622901639852,177,421
150,59,-0.1054878830909729,0.7942830324172974,0.2648756802082062,-1.2819559574127197,-7.565120320265553,18.29259809876321,147,415
150,60,-0.13185985386371613,0.7841057777404785,0.2827780842781067,-1.2431087493896484,-9.545879976947383,19.577622901639852,83,426
150,61,-0.13845284283161163,1.162571668624878,-0.9001588821411133,-1.2431087493896484,-6.791474959640583,-37.5548629375689,62,412
150,62,-0.4219515323638916,1.399454951286316,-0.8439030647277832,-1.1654144525527954,-16.778654461993945,-29.999999405051017,62,392
150,63,-0.3164636492729187,1.5322999954223633,-0.6329272985458374,-1.1654144525527954,-11.669146600545055,-22.02431305788535,62,392
150,64,-0.1054878830909729,0.8328112959861755,0.08642949908971786,-1.0100258588790894,-7.218916033493791,5.878333505828182,66,417
150,65,-0.07911591231822968,0.794368326663971,0.2736641466617584,-0.9711787104606628,-5.6876742348761455,18.922193111417034,114,424
150,66,-0.1054878830909729,0.8064578771591187,0.22510075569152832,-0.9323315620422363,-7.452205394573448,15.470232706403268,137,430
150,67,-0.1054878830909729,0.8106728196144104,0.2094140201807022,-0.8934844136238098,-7.413891200492969,14.368029258219478,167,434
150,68,-0.09889489412307739,1.0251657962799072,0.2280883938074112,-0.8546372652053833,-5.510114531513146,12.487250121762498,209,415
150,69,-0.1054878830909729,0.803877055644989,0.23415033519268036,-0.8157901167869568,-7.475860266153468,16.108737810435652,208,412
150,70,-0.1054878830909729,0.8041214942932129,0.23330938816070557,-0.7769429683685303,-7.473613430813311,16.049318868180865,192,423
150,71,-0.13185985386371613,0.8060592412948608,0.21225905418395996,-0.7380958199501038,-9.290487611907864,14.567514699150928,177,426
150,72,-0.07911591231822968,0.817701518535614,0.1930733472108841,-0.7380958199501038,-5.52639524594795,13.225618518872567,177,426
150,73,-0.07911591231822968,0.8147982358932495,0.20498026907444,-0.6992486715316772,-5.545964301713781,14.057499020104745,140,435
150,74,-0.19778978824615479,1.0205029249191284,-0.17950581014156342,-0.6604015231132507,-10.968840995628483,-9.797542359133683,69,429
150,75,-0.26371970772743225,1.018064260482788,-0.08225853741168976,-0.6604015231132507,-14.522701080623994,-4.472415610144468,69,429
150,76,-0.16482481360435486,1.0030333995819092,-0.2820036709308624,-0.5827072262763977,-9.331806490224352,-15.505612498347732,82,437
150,77,-0.16482481360435486,1.0416579246520996,0.02347175031900406,-0.5438600778579712,-8.9915435883316,1.2749741214422774,105,429
150,78,-0.07911591231822968,1.2606141567230225,0.08354882895946503,-0.5050129294395447,-3.5911625663209126,3.784382346789599,120,422
150,79,-0.11867386847734451,1.2491703033447266,-0.16696636378765106,-0.46616578102111816,-5.426934768122405,-7.579406764900839,108,441
150,80,-0.19778978824615479,1.1753098964691162,-0.42651355266571045,-0.42731863260269165,-9.55264705239882,-19.69038293549429,104,443
150,81,-0.09889489412307739,1.0501214265823364,-0.015301764942705631,-0.38847148418426514,-5.379946895391488,-0.8311450301519424,115,449
150,82,-0.23075474798679352,1.0230454206466675,0.11357589066028595,-0.3496243357658386,-12.710739434176595,6.180859981083239,79,457
150,83,0.15823182463645935,2.5261125564575195,-0.057175152003765106,-0.3496243357658386,3.5842371654809075,-1.2940560331962514,55,424
150,84,0.0,1.258772611618042,0.13371415436267853,-0.3107771873474121,0.0,6.063552569874418,131,466
150,85,-0.07911591231822968,1.2602516412734985,0.08885028213262558,-0.2719300389289856,-3.5921928713382307,4.024897853679995,139,480
150,86,-0.3164636492729187,2.4308035373687744,0.6329272985458374,-0.2719300389289856,-7.417555427100588,14.477511510134752,53,458
150,87,-0.15823182463645935,2.506863594055176,-0.3164636492729187,-0.2719300389289856,-3.6116861746512954,-7.180755684403435,53,458
150,88,-0.07911591231822968,1.2413512468338013,0.234895259141922,-0.23308289051055908,-3.6467398976373038,10.69393389800311,178,488
150,89,-0.07911591231822968,1.262921929359436,0.03401396796107292,-0.19423574209213257,-3.5846174603344187,1.5397434094971765,172,484
150,90,-0.03955795615911484,1.2505841255187988,0.19199581444263458,-0.15538859367370605,-1.8117521418488514,8.723884912534473,222,485
150,91,0.0,1.2538950443267822,0.17359431087970734,-0.11654144525527954,0.0,7.8821562768579465,248,501
150,92,0.0,2.279721736907959,0.43436485528945923,-0.11654144525527954,0.0,10.787502705121195,105,453
150,93,0.0,1.2504682540893555,0.19676636159420013,-0.07769429683685303,0.0,8.942403831012117,311,530
150,94,0.03955795615911484,1.2515060901641846,0.18589086830615997,-0.038847148418426514,1.810418341376785,8.444429158427896,291,556
151,0,0.09889489412307739,1.0349223613739014,0.17867514491081238,0.0,5.458484025494501,9.751760372856225,260,512
151,1,0.0,2.31929349899292,-0.08174386620521545,0.0,0.0,-2.018563256177707,107,470
151,2,0.0,1.264805555343628,0.05152314528822899,0.038847148418426514,0.0,2.332712314495361,147,513
151,3,0.03955795615911484,1.211551308631897,0.3646455705165863,0.07769429683685303,1.8700809623956853,16.742012211144207,108,496
151,4,-0.03955795615911484,1.253981351852417,0.16838614642620087,0.11654144525527954,-1.8068470874783473,7.644240412765683,138,438
151,5,0.11867386847734451,1.2562551498413086,0.10063519328832626,0.15538859367370605,5.396509918789673,4.559814989940537,121,415
151,6,-0.15823182463645935,1.255215048789978,0.04225848615169525,0.19423574209213257,-7.184781440287805,1.9130813495594536,153,409
151,7,0.0,1.2620000839233398,0.09871024638414383,0.23308289051055908,0.0,4.472415673034881,141,404
151,8,0.03955795615911484,1.2232835292816162,0.3231104612350464,0.2719300389289856,1.8521580145011152,14.788449992835204,110,415
151,9,0.07911591231822968,1.2027798891067505,0.3865863084793091,0.3107771873474121,3.763354542366629,17.78196080741816,120,409
151,10,-0.35602161288261414,1.1485439538955688,-0.39557957649230957,0.3107771873474121,-17.22220679801568,-18.209957929012248,120,409
151,11,0.0,1.25199294090271,0.1868194043636322,0.38847148418426514,0.0,8.486919825176399,86,420
151,12,0.15823182463645935,1.2349919080734253,0.22835448384284973,0.38847148418426514,7.301173641508391,10.392797152002759,86,420
151,13,0.0,1.2654112577438354,0.03350043296813965,0.42731863260269165,0.0,1.5164913188877005,109,405
151,14,-0.13185985386371613,1.0445042848587036,0.06628115475177765,0.46616578102111816,-7.195047556591785,3.6024361162325156,89,411
151,15,0.0,1.054878830909729,0.0,0.5050129294395447,0.0,0.0,65,393
151,16,0.0,1.2658545970916748,0.0,0.5438600778579712,0.0,0.0,63,401
151,17,-0.15823182463645935,1.2154017686843872,0.3164636492729187,0.5438600778579712,-7.417555427100588,14.477511510134752,63,401
151,18,0.0,1.2658545970916748,0.0,0.5827072262763977,0.0,0.0,62,402
151,19,0.15823182463645935,1.1506767272949219,0.5032830238342285,0.5827072262763977,7.829749672996883,23.427202722075386,62,402
151,20,-0.13185985386371613,0.8183813691139221,0.15823182463645935,-0.8934844136238098,-9.152988849988464,10.806922779366804,71,400
151,21,-0.18460379540920258,0.8116185069084167,0.13917343318462372,-0.8546372652053833,-12.814002084743061,9.492376332681012,66,415
151,22,-0.13185985386371613,0.8183813691139221,0.15823182463645935,-0.8157901167869568,-9.152988849988464,10.806922779366804,77,402
151,23,0.0,1.25199294090271,-0.1868194043636322,-0.7769429683685303,0.0,-8.486919825176399,65,410
151,24,-0.47469547390937805,0.8919286131858826,-0.7625715732574463,-0.7769429683685303,-28.022462032764405,-37.043156720233085,65,410
151,25,0.0,1.2591983079910278,0.1296442449092865,-0.7380958199501038,0.0,5.878333162505145,84,391
151,26,-0.11867386847734451,1.2592661380767822,-0.05052833631634712,-0.7380958199501038,-5.383682414154553,-2.2876480597619353,84,391
151,27,-0.19778978824615479,0.5960007309913635,0.07911591231822968,-0.6992486715316772,-18.359026444259367,7.180755483203472,70,407
151,28,-0.11867386847734451,0.6048101782798767,0.14393803477287292,-0.6992486715316772,-11.101352746151706,13.145010268785095,70,407
151,29,-0.18460379540920258,0.8074709177017212,0.16150705516338348,-0.6604015231132507,-12.877632431596428,11.03339179803338,115,412
151,30,0.0,1.4690645933151245,-0.15125161409378052,-0.6604015231132507,0.0,-5.878333365535433,90,410
151,31,-0.23075474798679352,1.457499623298645,0.05894972383975983,-0.6604015231132507,-8.996528850956546,2.287647920244149,90,410
151,32,-0.18460379540920258,0.8185946345329285,0.0894242450594902,-0.6215543746948242,-12.708361094654878,6.0827708481561364,167,418
151,33,-0.15823182463645935,0.8227648735046387,0.10096096247434616,-0.5827072262763977,-10.886051577002307,6.871079837414175,198,420
151,34,-0.18460379540920258,0.817884624004364,0.0957002341747284,-0.5438600778579712,-12.71903456358943,6.511459388185257,185,431
151,35,-0.2109757661819458,0.8149915933609009,0.05873943865299225,-0.5050129294395447,-14.51348191527353,3.9912704742521843,155,445
151,36,0.0,1.462774395942688,0.20327045023441315,-0.5050129294395447,0.0,7.911287517234828,118,417
151,37,0.0,2.295320510864258,0.34250226616859436,-0.5050129294395447,0.0,8.486919997255637,75,400
151,38,-0.09889489412307739,0.6192925572395325,0.08540186285972595,-0.46616578102111816,-9.072963675490902,7.754662067485552,138,448
151,39,0.0,1.4754798412322998,-0.06314312666654587,-0.46616578102111816,0.0,-2.4504763876902063,144,412
151,40,-0.09889489412307739,0.6184075474739075,0.09159061312675476,-0.42731863260269165,-9.085731661641859,8.320459516421204,158,447
151,41,0.0,2.295320510864258,-0.34250226616859436,-0.42731863260269165,0.0,-8.486919997255637,68,407
151,42,-0.09889489412307739,0.6159873008728027,0.10666024684906006,-0.38847148418426514,-9.120831085567223,9.701719157359618,108,479
151,43,0.0,1.2655284404754639,0.02873220480978489,-0.38847148418426514,0.0,1.3006039635525686,132,450
151,44,0.0,2.295320510864258,-0.34250226616859436,-0.38847148418426514,0.0,-8.486919997255637,73,420
151,45,-0.03955795615911484,1.2643927335739136,0.04619587957859039,-0.3496243357658386,-1.7919787177097948,2.091406696676631,182,454
151,46,0.0,2.5317091941833496,0.0,-0.3496243357658386,0.0,0.0,64,418
151,47,0.0,1.264538049697876,0.0577174574136734,-0.3107771873474121,0.0,2.613344156361991,210,420
151,48,-0.09889489412307739,1.049517273902893,0.03876408189535141,-0.2719300389289856,-5.383025664884514,2.1059465633642467,169,449
151,49,-0.15823182463645935,0.8213711977005005,0.1117338016629219,-0.23308289051055908,-10.904080254504635,7.608372119641565,119,470
151,50,0.0,1.2653459310531616,-0.03588110953569412,-0.19423574209213257,0.0,-1.6242873365148163,150,483
151,51,-0.07911591231822968,1.2631467580795288,0.02426673285663128,-0.15538859367370605,-3.5839810939470986,1.0984409447037047,209,491
151,52,-0.07911591231822968,2.4729318618774414,0.5365634560585022,-0.15538859367370605,-1.8324250359594376,12.235903392748167,58,463
151,53,-0.07911591231822968,1.2615211009979248,-0.06850694119930267,-0.11654144525527954,-3.588587524030807,-3.10231285879176,247,502
151,54,0.16482481360435486,1.0127859115600586,0.24467682838439941,-0.07769429683685303,9.24350530651368,13.411774764189715,268,521
151,55,0.07252292335033417,2.317917585372925,0.08833349496126175,-0.07769429683685303,1.7920836967493587,2.181361698475719,72,501
151,56,0.13185985386371613,1.032130479812622,0.1734614074230194,-0.038847148418426514,7.280386041005407,9.46454719440702,260,561
151,57,0.0,2.3191046714782715,-0.08693192899227142,-0.038847148418426514,0.0,-2.146734364568825,119,513
152,0,0.09889489412307739,1.0402942895889282,0.1441417634487152,0.0,5.430466143381528,7.853635245819391,213,545
152,1,0.03955795615911484,1.2651740312576294,-0.012565456330776215,0.038847148418426514,1.7908728170243247,-0.5687536299986222,206,560
152,2,0.0,1.2630599737167358,0.08406742662191391,0.07769429683685303,0.0,3.807906952706698,141,560
152,3,0.0,1.2601072788238525,0.1204882338643074,0.11654144525527954,0.0,5.461870827739583,151,519
152,4,0.0,1.1947216987609863,0.4183633029460907,0.15538859367370605,0.0,19.299048001728018,129,448
152,5,-0.4351375102996826,0.9297899603843689,-0.7406307458877563,0.15538859367370605,-25.07938218460387,-35.808894349545405,129,448
152,6,0.0,1.0545638799667358,0.02577834017574787,0.19423574209213257,0.0,1.4002907222063694,138,443
152,7,-0.13845284283161163,0.6052154898643494,-0.12305289506912231,0.23308289051055908,-12.885606176478747,-11.210766586773921,127,436
152,8,0.0,1.2565354108810425,0.15331897139549255,0.23308289051055908,0.0,6.956684197326705,137,422
152,9,-0.11867386847734451,0.6139746308326721,-0.09771722555160522,0.2719300389289856,-10.939676184415486,-8.881381216129268,182,432
152,10,-0.09889489412307739,0.6184706091880798,-0.0911640077829361,0.3107771873474121,-9.084820694859326,-8.281431797475914,172,412
152,11,-0.09889489412307739,0.6163777709007263,-0.10438007861375809,0.3496243357658386,-9.115150146363897,-9.492376929565102,67,419
152,12,-0.059336934238672256,0.5933773517608643,-0.21208356320858002,0.3496243357658386,-5.710516572211516,-19.577621585730032,67,419
152,13,-0.27690568566322327,1.3754321336746216,0.46101778745651245,0.3496243357658386,-11.382783224707325,18.18987693268135,54,417
152,14,-0.19778978824615479,1.2275720834732056,0.23734773695468903,0.38847148418426514,-9.15298897048809,10.80692251960495,62,415
152,15,0.0,1.2484514713287354,0.20918165147304535,-0.38847148418426514,0.0,9.51171959131598,78,413
152,16,0.0,1.2658545970916748,0.0,-0.3496243357658386,0.0,0.0,154,412
152,17,-0.03955795615911484,1.264734148979187,-0.03564627841114998,-0.3107771873474121,-1.7914952877292107,-1.613653951802801,190,420
152,18,0.0,1.265709400177002,0.019172852858901024,-0.2719300389289856,0.0,0.8678449734177512,210,422
152,19,0.07911591231822968,1.2569502592086792,0.12729781866073608,-0.23308289051055908,3.6016029704709247,5.771576728231773,94,440
152,20,-0.07911591231822968,1.2573504447937012,-0.12328200042247772,-0.19423574209213257,-3.6004596793155885,-5.588913820915796,150,457
152,21,0.0,1.1775867938995361,-0.4644104838371277,-0.15538859367370605,0.0,-21.523023642853374,121,471
152,22,0.09889489412307739,1.003163456916809,0.31088942289352417,-0.11654144525527954,5.63019939698216,17.14049422234859,183,515
152,23,-0.36261463165283203,2.2096989154815674,-0.6095454692840576,-0.11654144525527954,-9.319255090534652,-15.22748475064489,63,485
152,24,0.09889489412307739,1.0495738983154297,0.03720030561089516,-0.07769429683685303,5.38273695697391,2.0209548203022036,187,564
152,25,0.09889489412307739,1.0479546785354614,0.06913919746875763,-0.038847148418426514,5.39100498924336,3.757991586959544,224,586
153,0,0.06592992693185806,1.0403159856796265,0.16175659000873566,0.0,3.6262649681113257,8.820615377757404,246,520
153,1,0.03296496346592903,1.0301889181137085,0.22448471188545227,0.038847148418426514,1.8327793970426358,12.286851589041703,190,508
153,2,-0.026371970772743225,0.8412843346595764,-0.060972146689891815,0.07769429683685303,-1.7954785606965487,-4.143240207251366,171,456
153,3,-0.07911591231822968,0.8374044895172119,-0.06831391155719757,0.07769429683685303,-5.397143779630613,-4.643170971705422,171,456
153,4,-0.1054878830909729,0.8243545293807983,-0.14657533168792725,0.11654144525527954,-7.292179224779736,-10.002281931110074,171,423
153,5,-0.07911591231822968,0.6144347190856934,-0.1296442449092865,0.15538859367370605,-7.337154117598198,-11.819708871967041,118,415
153,6,0.0,0.8439030647277832,0.0,0.19423574209213257,0.0,0.0,81,393
153,7,-0.1054878830909729,0.8102678060531616,-0.2109757661819458,0.19423574209213257,-7.417555786814828,-14.477512178954797,81,393
153,8,0.0,1.0433274507522583,0.15568283200263977,-0.19423574209213257,0.0,8.486919558344967,121,403
153,9,0.09889489412307739,0.9910477995872498,0.3475823700428009,-0.15538859367370605,5.698578832507298,19.238417715618578,170,411
153,10,0.0,1.0331214666366577,0.21314197778701782,-0.11654144525527954,0.0,11.6570682440499,208,443
153,11,0.06592992693185806,1.0315625667572021,0.21047885715961456,-0.07769429683685303,3.656952821720154,11.509413770395055,272,510
153,12,0.06592992693185806,1.0412015914916992,0.15595439076423645,-0.038847148418426514,3.6231888268867904,8.501832999853494,249,568
154,0,0.07911591231822968,1.2633683681488037,-0.005367813166230917,0.0,3.5833540585777253,-0.24296153026144215,198,518
154,1,0.0,1.2646572589874268,-0.055045075714588165,0.0,0.0,-2.492265095688721,198,518
154,2,0.0,1.2579047679901123,0.14164617657661438,0.038847148418426514,0.0,6.424718998096585,210,492
154,3,0.0,1.2499511241912842,0.20002561807632446,0.07769429683685303,0.0,9.091771420275434,145,447
154,4,0.06592992693185806,2.1070449352264404,-0.08421389013528824,0.07769429683685303,1.7922135386477867,-2.287647996102862,55,421
154,5,-0.13185985386371613,2.08905291557312,-0.26371970772743225,0.07769429683685303,-3.6116863116852995,-7.180755953653309,55,421
154,6,0.0,1.2658545970916748,0.0,0.11654144525527954,0.0,0.0,89,418
154,7,0.07911591231822968,1.2408039569854736,0.2377692013978958,0.11654144525527954,3.648344046662714,10.82634409285344,89,418
154,8,0.0,1.2658545970916748,0.0,0.15538859367370605,0.0,0.0,95,398
154,9,0.0,1.2658545970916748,0.0,0.19423574209213257,0.0,0.0,54,395
154,10,0.0,1.25199294090271,0.1868194043636322,-0.15538859367370605,0.0,8.486919825176399,96,414
154,11,-0.09889489412307739,0.6048521399497986,-0.15802109241485596,-0.11654144525527954,-9.285843916257454,-14.457810688818203,54,457
154,12,-0.03955795615911484,1.2630585432052612,0.07420305162668228,-0.11654144525527954,-1.7938703794019735,3.3605442320463794,119,450
154,13,-0.17141780257225037,2.736621856689453,-0.06193974241614342,-0.11654144525527954,-3.584237113916812,-1.2940559541319983,53,419
154,14,0.07911591231822968,1.2629061937332153,-0.034592922776937485,-0.07769429683685303,3.584662007684031,-1.5659580062468696,172,531
154,15,-0.25712668895721436,2.2674505710601807,1.5214711427688599,-0.07769429683685303,-6.469648326540296,33.69266041549392,86,496
154,16,0.03955795615911484,1.2652156352996826,-0.0072313337586820126,-0.038847148418426514,1.790813966161521,-0.3273102430524064,211,569
155,0,0.06592992693185806,1.023319959640503,0.24746516346931458,0.0,3.6863278391520735,13.567518588702356,297,461
155,1,0.0,1.2221511602401733,0.3297490179538727,0.038847148418426514,0.0,15.099446203442874,224,483
155,2,0.0,1.2234132289886475,0.32503542304039,0.07769429683685303,0.0,14.878581653231079,161,438
155,3,0.03955795615911484,1.201806902885437,0.39557957649230957,0.11654144525527954,1.88523292297383,18.209957571128275,117,403
155,4,0.0,1.1846415996551514,0.4461079239845276,0.15538859367370605,0.0,20.635183629588788,75,410
155,5,0.06592992693185806,1.0251206159591675,0.2398967295885086,-0.15538859367370605,3.6798704967782325,13.145010316054522,109,410
155,6,0.0,1.2406162023544312,0.25151434540748596,-0.11654144525527954,0.0,11.460441963764522,192,403
155,7,0.06592992693185806,1.0236389636993408,0.24614202976226807,-0.07769429683685303,3.685182208143461,13.49360171491762,293,452
155,8,0.06592992693185806,1.0226389169692993,0.25026434659957886,-0.038847148418426514,3.688776031929232,13.723973525411957,320,490
156,0,0.13185985386371613,0.9988054633140564,0.3126819133758545,0.0,7.520558858909782,17.242406618119453,235,496
156,1,-0.07911591231822968,0.8262501955032349,-0.1523931324481964,0.07769429683685303,-5.469565741810053,-10.403622116952885,131,476
156,2,0.13185985386371613,1.034961462020874,0.15568283200263977,0.11654144525527954,7.2606844365985665,8.486919253186313,63,407
156,3,0.03955795615911484,1.2627604007720947,0.07911591231822968,0.15538859367370605,1.794293642052232,3.583321558972172,56,397
156,4,0.09889489412307739,1.004718542098999,0.30582666397094727,-0.15538859367370605,5.6215409366926234,16.852949415803533,76,406
156,5,0.16482481360435486,1.018081545829773,0.22161276638507843,-0.15538859367370605,9.196248069790954,12.127252127198071,76,406
156,6,0.13185985386371613,1.0128347873687744,0.26371970772743225,-0.11654144525527954,7.4175555709862815,14.477511777662764,139,422
156,7,0.13185985386371613,1.0021164417266846,0.30190223455429077,-0.07769429683685303,7.495994067926532,16.63036009458507,246,471
156,8,0.13185985386371613,0.9990501999855042,0.3118991255760193,-0.038847148418426514,7.518737632590371,17.197893897830486,254,526
157,0,-0.26371970772743225,0.9704424142837524,-0.318532258272171,0.0,-15.203097632190202,-17.575422884764084,182,463
157,1,0.0,2.3183650970458984,0.104821115732193,0.0,0.0,2.5887726250627496,78,429
157,2,0.14504584670066833,2.3116986751556396,-0.14427313208580017,0.0,3.590275370566691,-3.564207382851219,78,429
157,3,-0.03955795615911484,1.2524409294128418,-0.1794843077659607,0.038847148418426514,-1.8090679183338711,-8.151383856566643,211,461
157,4,-0.11867386847734451,1.2602198123931885,-0.012269062921404839,0.07769429683685303,-5.379632210853653,-0.555337480481827,205,395
157,5,0.0,1.2658545970916748,0.0,0.11654144525527954,0.0,0.0,58,418
157,6,0.03296496346592903,0.8715477585792542,0.5933693647384644,-0.11654144525527954,2.1660928403523436,34.22886714502579,102,403
157,7,-0.26371970772743225,0.9874743223190308,-0.26098987460136414,-0.07769429683685303,-14.952716076029132,-14.324431290246514,176,452
157,8,0.07252292335033417,2.315060615539551,0.14504584670066833,-0.07769429683685303,1.7942938264926744,3.5833219262319544,70,429
157,9,-0.2966846823692322,0.9777991771697998,-0.2620234787464142,-0.038847148418426514,-16.878892618304075,-14.382380421633266,185,517
157,10,0.2175687700510025,2.2923269271850586,0.2893189787864685,-0.038847148418426514,5.42180157927383,7.161527980043436,64,489
158,0,0.09889489412307739,1.049903392791748,-0.026306109502911568,0.0,5.381057593240728,-1.4289653678964325,161,445
158,1,0.0,2.279721736907959,-0.43436485528945923,0.0,0.0,-10.787502705121195,98,413
158,2,0.05274394154548645,0.7638529539108276,0.3548509478569031,0.038847148418426514,3.9499959647349367,24.865387228593235,112,500
158,3,0.026371970772743225,0.7725995182991028,0.33847731351852417,0.07769429683685303,1.9549794658460264,23.64605809391585,71,451
158,4,0.0,0.841985285282135,-0.635476291179657,-0.11654144525527954,0.0,-37.043155403617504,63,402
158,5,0.07911591231822968,1.230144739151001,-0.28787606954574585,-0.07769429683685303,3.6798704967782325,-13.145010053337872,125,432
158,6,0.0,2.3207335472106934,0.0,-0.07769429683685303,0.0,0.0,53,421
158,7,0.0,1.1603316068649292,-0.5059827566146851,-0.038847148418426514,0.0,-23.560445269764795,154,483
158,8,-0.07911591231822968,2.4502573013305664,-0.6320843696594238,-0.038847148418426514,-1.8493704856759172,-14.45781162256135,63,469
159,0,0.0,1.262170433998108,-0.09650753438472748,0.0,0.0,-4.372417641606789,241,427
159,1,0.06592992693185806,1.0494399070739746,0.0842520147562027,0.038847148418426514,3.594820939792088,4.581030457971841,224,479
159,2,0.03296496346592903,1.0512747764587402,0.08064761757850647,0.07769429683685303,1.7960428961439832,4.38465643943133,183,420
159,3,0.0,1.2633533477783203,0.07953739166259766,-0.15538859367370605,0.0,3.6024364739007844,82,405
159,4,0.07911591231822968,1.2630562782287598,-0.028587576001882553,-0.15538859367370605,3.5842371654809075,-1.2940560331962514,82,405
159,5,0.0,1.2638189792633057,-0.07175970822572708,-0.11654144525527954,0.0,-3.2497679909021207,135,416
159,6,0.0,1.2634367942810059,-0.07820051908493042,-0.07769429683685303,0.0,-3.541808474200328,218,449
159,7,0.03955795615911484,1.2650060653686523,-0.024136966094374657,-0.038847148418426514,1.791110451951355,-1.0925663551724591,259,485
159,8,-0.14504584670066833,2.315603256225586,-0.0524105578660965,-0.038847148418426514,-3.5842372264202895,-1.2940560346868786,76,478
160,0,-0.03955795615911484,1.2546589374542236,-0.16326098144054413,0.0,-1.80587193585767,-7.410245761119427,189,430
160,1,0.0,1.265796422958374,-0.012135080061852932,0.038847148418426514,0.0,-0.5492728213462439,251,430
160,2,0.03955795615911484,1.265235185623169,-0.0017339608166366816,0.07769429683685303,1.7907863126501915,-0.07848347386655397,178,409
160,3,0.0,1.2658545970916748,0.0,0.11654144525527954,0.0,0.0,93,407
160,4,0.0,1.2658545970916748,0.0,-0.15538859367370605,0.0,0.0,55,406
160,5,0.0,1.2658545970916748,0.0,-0.11654144525527954,0.0,0.0,130,401
160,6,0.0,1.2598353624343872,-0.12329935282468796,-0.07769429683685303,0.0,-5.58970307292549,196,431
160,7,0.0,1.2631503343582153,-0.08269897103309631,-0.038847148418426514,0.0,-3.745832304614426,237,475
161,0,0.0,1.265276312828064,-0.038259271532297134,0.0,0.0,-1.7319750901667466,231,401
161,1,0.03955795615911484,1.2631322145462036,0.07293853163719177,0.038847148418426514,1.7937658214667134,3.3032118985466035,253,451
161,2,0.03955795615911484,1.2600841522216797,0.1140657365322113,0.07769429683685303,1.7981019804035747,5.169916147747377,207,400
161,3,0.0,1.2654112577438354,-0.03350043296813965,0.11654144525527954,0.0,-1.5164913188877005,113,404
161,4,0.0,1.25199294090271,0.1868194043636322,0.15538859367370605,0.0,8.486919825176399,56,413
161,5,0.03955795615911484,1.2627604007720947,0.07911591231822968,-0.15538859367370605,1.794293642052232,3.583321558972172,74,401
161,6,0.0,1.2657667398452759,0.01491666492074728,-0.11654144525527954,0.0,0.6751815772349797,142,403
161,7,0.03955795615911484,1.2652050256729126,0.00890315417200327,-0.07769429683685303,1.7908289736073764,0.40298259126787334,227,423
161,8,0.03955795615911484,1.26513671875,0.015878211706876755,-0.038847148418426514,1.7909256006001293,0.7187068537180586,270,464
162,0,0.03955795615911484,1.2638016939163208,-0.06023570895195007,0.0,1.7928162220912331,-2.727450426230958,234,376
162,1,0.0,1.2646132707595825,-0.056046485900878906,0.038847148418426514,0.0,-2.5376351606673015,231,429
162,2,0.0,1.2654987573623657,-0.030014069750905037,0.07769429683685303,0.0,-1.3586399676398588,163,399
162,3,0.0,1.2591983079910278,-0.1296442449092865,0.11654144525527954,0.0,-5.878333162505145,83,404
162,4,0.0,1.2658545970916748,0.0,-0.11654144525527954,0.0,0.0,99,409
162,5,0.0,1.2628518342971802,-0.08713901042938232,-0.07769429683685303,0.0,-3.9472534633652074,201,410
162,6,0.0,1.2635588645935059,-0.07620324939489365,-0.038847148418426514,0.0,-3.4512383006734932,245,449
163,0,0.0,1.2648625373840332,-0.05010686069726944,0.038847148418426514,0.0,-2.2685558261062915,182,424
163,1,0.0,1.2657991647720337,0.011847585439682007,0.07769429683685303,0.0,0.5362594961281211,197,412
163,2,0.0,1.2633533477783203,-0.07953739166259766,0.11654144525527954,0.0,-3.6024364739007844,111,405
163,3,0.0,1.1846415996551514,-0.4461079239845276,-0.11654144525527954,0.0,-20.635183629588788,68,397
163,4,0.0,1.2654063701629639,-0.033686716109514236,-0.07769429683685303,0.0,-1.5249258657543745,198,420
163,5,0.07911591231822968,1.2633169889450073,-0.012605041265487671,-0.038847148418426514,3.583499414129212,-0.5705454367298258,232,455
164,0,0.03955795615911484,1.2646753787994385,-0.03767310455441475,0.0,1.791578485273677,-1.7054317556913072,166,392
164,1,0.03955795615911484,1.2618646621704102,0.09230772405862808,0.038847148418426514,1.7955664935722213,4.181792550300546,242,428
164,2,0.0,1.2655360698699951,0.02839530259370804,0.07769429683685303,0.0,1.2853510076078145,158,412
164,3,0.03955795615911484,1.2478951215744019,0.20876015722751617,0.11654144525527954,1.8156535524813437,9.492376809488906,83,411
164,4,0.0,1.2658545970916748,0.0,-0.11654144525527954,0.0,0.0,104,404
164,5,0.0,1.2654112577438354,0.03350043296813965,-0.07769429683685303,0.0,1.5164913188877005,195,404
164,6,0.03955795615911484,1.2645059823989868,0.042984068393707275,-0.038847148418426514,1.791818333188559,1.9459417086967712,238,451
165,0,0.07911591231822968,1.2618533372879028,0.0620880089700222,0.0,3.5876451445912356,2.8113880737332737,166,394
165,1,0.0,1.264562726020813,0.057175152003765106,0.0,0.0,2.5887726439612506,166,394
165,2,0.09889489412307739,1.015393614768982,0.26826319098472595,0.038847148418426514,5.56281300213142,14.732531049368607,189,438
165,3,0.06592992693185806,1.002684235572815,0.32100924849510193,0.07769429683685303,3.761978569877469,17.71660357985721,145,397
165,4,0.06592992693185806,1.04452645778656,0.13185985386371613,0.11654144525527954,3.6116863116852995,7.180755953653309,66,387
165,5,0.19778978824615479,0.957687497138977,0.39557957649230957,0.11654144525527954,11.669147028057443,22.02431377748559,66,387
165,6,0.07911591231822968,1.2621233463287354,-0.05633220076560974,-0.07769429683685303,3.586879635116113,-2.5505800548917614,162,406
165,7,0.11867386847734451,1.2587991952896118,-0.06106416881084442,-0.038847148418426514,5.385667713244351,-2.76499186707474,207,442
166,0,0.06592992693185806,1.0368449687957764,0.18268845975399017,0.0,3.6383719595964896,9.973013454498037,183,379
166,1,0.06592992693185806,1.0221580266952515,0.2522212266921997,0.038847148418426514,3.6905066795187795,13.83341095632395,219,435
166,2,0.06592992693185806,1.0251206159591675,0.2398967295885086,0.07769429683685303,3.6798704967782325,13.145010316054522,156,413
166,3,0.0,1.0510835647583008,0.08940167725086212,-0.07769429683685303,0.0,4.861687075564697,127,397
166,4,0.03296496346592903,1.0383734703063965,0.1829296350479126,-0.038847148418426514,1.8183430029827987,9.986313757062742,203,419
167,0,0.06592992693185806,1.0127891302108765,0.2875426709651947,0.0,3.724550385530364,15.818064105112805,157,395
167,1,0.09889489412307739,1.0246562957763672,0.23036634922027588,0.038847148418426514,5.512837508592355,12.614006550929155,231,440
167,2,0.09889489412307739,1.0225492715835571,0.23954550921916962,0.07769429683685303,5.524126847170436,13.125422509479005,177,411
167,3,0.0,1.0493319034576416,0.10803687572479248,0.11654144525527954,0.0,5.87833354139408,67,402
167,4,0.09889489412307739,1.031440019607544,0.19778978824615479,-0.11654144525527954,5.476801061132866,10.80692248064857,67,407
167,5,0.09889489412307739,1.035606026649475,0.1746692657470703,-0.07769429683685303,5.454902297465751,9.531063077403779,137,405
167,6,0.09889489412307739,1.0278788805007935,0.21553274989128113,-0.038847148418426514,5.495659752211736,11.789689124819958,226,421
168,0,0.06592992693185806,1.011620044708252,0.29162901639938354,0.0,3.728842550619345,16.048882103921944,231,392
168,1,0.09889489412307739,1.01069176197052,0.28546684980392456,0.038847148418426514,5.588528391406066,15.700912113022511,241,473
168,2,0.09889489412307739,1.0072122812271118,0.2975105047225952,0.07769429683685303,5.607711484748749,16.38157084425756,207,420
168,3,0.06592992693185806,1.0251206159591675,0.2398967295885086,0.11654144525527954,3.6798704967782325,13.145010316054522,133,394
168,4,0.03296496346592903,1.001505732536316,0.3296496272087097,0.15538859367370605,1.8852329603467406,18.20995688308097,70,392
168,5,0.06592992693185806,1.0127891302108765,0.2875426709651947,-0.11654144525527954,3.724550385530364,15.818064105112805,90,415
168,6,0.06592992693185806,1.0192207098007202,0.2638402283191681,-0.07769429683685303,3.7011129205237148,14.484273541855089,159,416
168,7,0.09889489412307739,1.017952799797058,0.2583822011947632,-0.038847148418426514,5.548915200431374,14.178297304898653,231,449
169,0,-0.16482481360435486,1.020767092704773,-0.2088940590620041,0.0,-9.17246536083432,-11.421582847976188,220,479
169,1,-0.13185985386371613,1.0454626083374023,-0.04888955503702164,0.038847148418426514,-7.188521240333083,-2.6563894824978362,202,543
169,2,0.1054878830909729,0.7519064545631409,0.36834946274757385,0.07769429683685303,7.986124824301804,25.87970715700104,219,500
169,3,0.09889489412307739,1.013351321220398,0.2758773863315582,0.11654144525527954,5.573953682427037,15.1605801900656,188,418
169,4,0.09889489412307739,1.0261610746383667,0.2235681116580963,0.15538859367370605,5.504803089077049,12.23590330187529,128,411
169,5,0.0,0.9135518670082092,0.5274394154548645,0.19423574209213257,0.0,29.999999992838863,68,403
169,6,0.07911591231822968,1.2153469324111938,0.34505119919776917,-0.15538859367370605,3.724550458390422,15.818064139078658,60,397
169,7,0.0,1.036237120628357,0.1974385529756546,-0.11654144525527954,0.0,10.787502096024374,104,418
169,8,0.0,1.2434844970703125,0.23692627251148224,-0.07769429683685303,0.0,10.787502897511425,180,418
169,9,0.07911591231822968,1.2469935417175293,0.20281939208507538,-0.038847148418426514,3.6302836513766312,9.219857002457008,215,489
169,10,0.06592992693185806,2.1010730266571045,-0.17950581014156342,-0.038847148418426514,1.7973042353544808,-4.880833361204998,76,445
170,0,-0.07911591231822968,1.2621104717254639,0.05662001669406891,0.0,-3.58691612882276,2.563620307050816,212,527
170,1,-0.03955795615911484,1.141053557395935,0.5466442704200745,0.038847148418426514,-1.9855304474907383,25.584267324107714,212,555
170,2,0.03955795615911484,1.2324937582015991,0.28597596287727356,0.07769429683685303,1.8383266662479367,13.056708523187664,275,532
170,3,0.06592992693185806,1.0239219665527344,0.24496208131313324,0.11654144525527954,3.6841664624125867,13.427702595479055,306,466
170,4,0.13185985386371613,0.9878737330436707,0.34567007422447205,0.15538859367370605,7.602812515098038,19.12844563946144,205,465
170,5,0.0,1.2593915462493896,-0.12775255739688873,0.19423574209213257,0.0,-5.792265024610905,129,463
170,6,0.0,1.2646760940551758,-0.05460872873663902,0.23308289051055908,0.0,-2.472496537191137,172,435
170,7,-0.03955795615911484,1.2651628255844116,0.013647394254803658,0.2719300389289856,-1.7908886686340406,0.617727498366674,200,416
170,8,-0.03955795615911484,1.2606438398361206,0.10770349204540253,0.3107771873474121,-1.7973042013853568,4.8808335382402,153,405
170,9,0.0,1.2641043663024902,-0.06654402613639832,0.3496243357658386,0.0,-3.013339732956509,113,405
170,10,-0.11867386847734451,1.2592661380767822,-0.05052833631634712,0.3496243357658386,-5.383682414154553,-2.2876480597619353,113,405
170,11,0.0,1.2658545970916748,0.0,0.46616578102111816,0.0,0.0,64,400
170,12,0.0,1.25199294090271,0.1868194043636322,0.5050129294395447,0.0,8.486919825176399,85,398
170,13,0.0,1.25199294090271,0.1868194043636322,0.5438600778579712,0.0,8.486919825176399,66,388
170,14,-0.15823182463645935,1.255926251411438,9.416051922547797e-15,0.5438600778579712,-7.180755342926473,4.2619429064440994e-13,66,388
170,15,-0.15823182463645935,0.8221966624259949,-0.1054878830909729,-0.5050129294395447,-10.89339487506282,-7.180755927238111,89,410
170,16,-0.18460379540920258,0.8185946941375732,-0.0894237533211708,-0.46616578102111816,-12.708360199367885,-6.082737231833189,153,408
170,17,-0.13185985386371613,0.8308802843093872,-0.06650740653276443,-0.46616578102111816,-9.017579942799877,-4.520127586980434,153,408
170,18,-0.13185985386371613,0.8304311633110046,-0.07189874351024628,-0.42731863260269165,-9.022376706469798,-4.887403312504402,204,416
170,19,-0.13185985386371613,0.8311439156532288,-0.06312748789787292,-0.38847148418426514,-9.01476662646378,-4.2899720238655705,251,416
170,20,-0.13185985386371613,0.8297594785690308,-0.07927560061216354,-0.3496243357658386,-9.029559977544965,-5.39026870428231,273,418
170,21,-0.13185985386371613,0.8311711549758911,-0.06276858597993851,-0.3107771873474121,-9.014476043899135,-4.265536449502947,217,458
170,22,-0.13185985386371613,0.824222981929779,-0.12426527589559555,-0.2719300389289856,-9.08920443255646,-8.467631108463637,125,501
170,23,-0.07911591231822968,0.605658233165741,-0.1658788025379181,-0.23308289051055908,-7.442291998947958,-15.193631270885355,103,515
170,24,-0.03955795615911484,1.2074106931686401,0.378130167722702,-0.23308289051055908,-1.8764895189435686,17.38045906893951,93,481
170,25,-0.11867386847734451,1.2585781812667847,0.06546235829591751,-0.19423574209213257,-5.386607906947104,2.964314125364832,150,473
170,26,-0.06592992693185806,2.1082046031951904,0.04694350063800812,-0.19423574209213257,-1.7912283314697837,1.27497417880916,116,437
170,27,-0.16482481360435486,1.016635775566101,-0.2281530797481537,-0.15538859367370605,-9.209102244647335,-12.490849138372763,112,495
170,28,-0.03955795615911484,1.2652359008789062,0.0010512573644518852,-0.07769429683685303,-1.7907853009525514,0.047582572303485664,182,545
170,29,0.0,1.265844464302063,-0.00506808515638113,-0.038847148418426514,0.0,-0.22939495857156725,247,543
170,30,-0.5142533779144287,2.048436403274536,-1.7497919797897339,-0.038847148418426514,-14.092678027989407,-39.6417346176843,103,494
171,0,0.0,1.0547834634780884,-0.014180690050125122,0.0,0.0,-0.770247897533125,228,513
171,1,0.26371970772743225,0.9449151158332825,0.3877585530281067,0.0,15.594074774844156,21.56680842410902,228,513
171,2,0.0,1.0546467304229736,-0.02212831936776638,0.038847148418426514,0.0,-1.2019885618804382,224,551
171,3,0.26371970772743225,1.0114336013793945,0.1422090381383896,0.038847148418426514,14.613844243699186,7.747678106172851,224,551
171,4,0.07252292335033417,2.317842721939087,-0.09027519077062607,0.038847148418426514,1.7921415410762713,-2.2293351319626598,71,511
171,5,0.3164636492729187,1.191197395324707,-0.28859564661979675,0.07769429683685303,14.878011177438783,-13.17845906439787,245,522
171,6,-0.07911591231822968,1.1618648767471313,0.49618402123451233,0.07769429683685303,-3.8954797631237446,23.077478066650553,245,522
171,7,0.0,1.263114094734192,0.08325095474720001,0.11654144525527954,0.0,3.770870270563206,304,502
171,8,0.0,1.2628452777862549,0.08723369240760803,0.15538859367370605,0.0,3.9515492717296157,263,513
171,9,-0.07911591231822968,1.2625499963760376,0.045784275978803635,0.19423574209213257,-3.5856706935875016,2.0727640755294865,186,497
171,10,0.0,2.529125452041626,-0.11435030400753021,0.19423574209213257,0.0,-2.5887726439612506,65,463
171,11,-0.07911591231822968,1.2605279684066772,0.08483922481536865,0.23308289051055908,-3.591407468613727,3.8429185561994044,185,458
171,12,-0.07252292335033417,2.203312635421753,-0.7252292633056641,0.23308289051055908,-1.8852330367305405,-18.209958655293367,62,426
171,13,0.0,2.953660726547241,0.0,0.23308289051055908,0.0,0.0,61,422
171,14,-0.36920759081840515,2.914839506149292,-0.30250322818756104,0.23308289051055908,-7.218916106523833,-5.878333205146853,61,422
171,15,-0.07911591231822968,1.2630363702774048,0.02945784293115139,0.2719300389289856,-3.5842935128709668,1.3334567802700295,132,471
171,16,0.0,2.295320510864258,-0.34250226616859436,0.2719300389289856,0.0,-8.486919997255637,121,413
171,17,-0.07252292335033417,2.315060615539551,-0.14504584670066833,0.3107771873474121,-1.7942938264926744,-3.5833219262319544,128,407
171,18,0.0,2.313666820526123,-0.18096879124641418,0.3496243357658386,0.0,-4.472415825855442,89,413
171,19,0.0,1.2641043663024902,0.06654402613639832,0.38847148418426514,0.0,3.013339732956509,100,435
171,20,0.0,1.2641043663024902,0.06654402613639832,0.42731863260269165,0.0,3.013339732956509,131,434
171,21,0.07911591231822968,2.5255208015441895,0.15823182463645935,0.42731863260269165,1.794293642052232,3.583321558972172,65,396
171,22,0.0,1.2648625373840332,0.05010686069726944,0.46616578102111816,0.0,2.2685558261062915,118,422
171,23,0.0,1.265633225440979,-0.023674720898270607,0.5050129294395447,0.0,-1.0716401749053983,166,412
171,24,-0.03955795615911484,1.265177845954895,0.012173512950539589,0.5438600778579712,-1.7908674207956585,0.5510124431205169,204,412
171,25,-0.07911591231822968,1.2631326913833618,0.02499004825949669,0.5827072262763977,-3.584020902405848,1.1311861941031007,162,413
171,26,0.0,1.265787959098816,0.01299336738884449,0.6215543746948242,0.0,0.5881229646930383,177,416
171,27,0.0,1.2658545970916748,0.0,0.6604015231132507,0.0,0.0,202,420
171,28,-0.03955795615911484,1.2652350664138794,-0.001837942749261856,0.6992486715316772,-1.790786481266576,-0.0831899618368384,189,411
171,29,0.0,1.2552974224090576,-0.16314467787742615,0.7380958199501038,0.0,-7.404937785840595,119,395
171,30,0.0,1.2658545970916748,0.0,0.7769429683685303,0.0,0.0,81,409
171,31,0.0,1.25199294090271,0.1868194043636322,0.8546372652053833,0.0,8.486919825176399,63,411
171,32,-0.046150948852300644,1.4732204675674438,-0.09230189770460129,0.8934844136238098,-1.794293642052232,-3.5833215589721723,79,402
171,33,0.0,1.0433274507522583,-0.15568283200263977,-1.2819559574127197,0.0,-8.486919558344967,71,398
171,34,-0.13185985386371613,1.0455200672149658,0.04764596000313759,-1.2431087493896484,-7.188130311599164,2.588772639068052,116,396
171,35,-0.13185985386371613,1.0455200672149658,0.04764596000313759,-1.2042615413665771,-7.188130311599164,2.588772639068052,108,400
171,36,-0.11867386847734451,0.6166475415229797,-0.07911591231822968,-1.0100258588790894,-10.89339410424658,-7.180755430505082,112,414
171,37,-0.09889489412307739,0.6217967867851257,-0.06469544023275375,-0.9711787104606628,-9.037027348641729,-5.866805172863675,209,414
171,38,-0.07911591231822968,0.6234931349754333,-0.07479270547628403,-0.9323315620422363,-7.231693014909371,-6.786471258305099,250,416
171,39,-0.09889489412307739,0.6181672215461731,-0.09319895505905151,-0.8934844136238098,-9.08920498466553,-8.467631129977613,224,420
171,40,-0.11867386847734451,0.6137374639511108,-0.09919585287570953,-0.8546372652053833,-10.943801556092806,-9.016883689322176,194,428
171,41,-0.1054878830909729,0.8360235095024109,-0.04592806473374367,-0.8157901167869568,-7.191470079541587,-3.1197718561220715,230,412
171,42,-0.13185985386371613,0.8324733972549438,-0.042110975831747055,-0.7769429683685303,-9.000605677764343,-2.8602618606314394,251,406
171,43,-0.13185985386371613,0.8310704827308655,-0.06408745050430298,-0.7380958199501038,-9.01555008384038,-4.3553332743453765,220,409
171,44,-0.13185985386371613,0.8333542346954346,-0.017494922503829002,-0.6992486715316772,-8.991247730147444,-1.1878817427665203,210,401
171,45,-0.15823182463645935,0.8289045095443726,0.007239860016852617,-0.6604015231132507,-10.80732516214891,0.49154757348172906,167,393
171,46,-0.16482481360435486,0.9990948438644409,0.29565468430519104,-0.6215543746948242,-9.367942755230509,16.276533990915752,143,408
171,47,-0.15823182463645935,0.8247942924499512,0.08276154100894928,-0.5827072262763977,-10.859903965490258,5.628040984226353,216,420
171,48,-0.13185985386371613,0.830591082572937,0.07002731412649155,-0.5438600778579712,-9.020668134757607,4.759893152927525,243,422
171,49,-0.15823182463645935,0.8281762599945068,0.03548416867852211,-0.5050129294395447,-10.816604389333664,2.4098653000916754,190,444
171,50,0.07911591231822968,1.2477056980133057,0.19839170575141907,-0.38847148418426514,3.6282171211513163,9.016883151502999,63,477
171,51,-0.19778978824615479,0.9851911664009094,0.32100924849510193,-0.3496243357658386,-11.351953425474296,17.716603553889808,105,479
171,52,0.0,2.1033334732055664,0.16451707482337952,-0.23308289051055908,0.0,4.472415605793834,114,421
171,53,-0.03296496346592903,1.0398139953613281,0.17455516755580902,-0.19423574209213257,-1.8158256163262998,9.524779379838302,141,445
171,54,-0.11867386847734451,1.2556614875793457,0.10778979957103729,-0.15538859367370605,-5.399046253242392,4.884754058635205,186,449
171,55,-0.03955795615911484,1.2636529207229614,0.06328121572732925,-0.11654144525527954,-1.793027157305157,2.865462007260417,206,476
171,56,-0.03955795615911484,1.2524858713150024,0.1791708618402481,-0.07769429683685303,-1.809003048195707,8.137051556477681,177,517
171,57,0.0,1.2629557847976685,0.08561865985393524,-0.038847148418426514,0.0,3.878277887983641,158,528
171,58,-0.14504584670066833,2.3123080730438232,-0.13415442407131195,-0.038847148418426514,-3.5893316443674363,-3.3139390696204862,74,494
172,0,0.0,1.2359429597854614,0.27355608344078064,0.0,0.0,12.480297005852716,304,496
172,1,0.0,1.2290925979614258,0.30285191535949707,0.038847148418426514,0.0,13.842101849951582,290,547
172,2,0.0,2.299172878265381,-0.3156073987483978,0.038847148418426514,0.0,-7.816141089943308,61,530
172,3,0.0,1.2287482023239136,0.3042463958263397,0.07769429683685303,0.0,13.907115988743236,256,535
172,4,0.0,1.0443986654281616,0.1483263224363327,0.11654144525527954,0.0,8.083135716201822,180,507
172,5,0.0,1.2642266750335693,0.06417859345674515,0.15538859367370605,0.0,2.9061312284721446,261,476
172,6,0.0,1.263636589050293,0.07490266859531403,0.19423574209213257,0.0,3.3922656966381344,306,454
172,7,0.0,2.50398588180542,0.3736388087272644,0.19423574209213257,0.0,8.486919825176399,68,420
172,8,0.03955795615911484,1.2618650197982788,0.09230221807956696,0.23308289051055908,1.7955659850199948,4.181542819443571,314,459
172,9,0.0,1.2592825889587402,0.12882313132286072,0.2719300389289856,0.0,5.8409722213954325,324,459
172,10,-0.03955795615911484,1.2551238536834717,0.159646674990654,0.3107771873474121,-1.8052034571601352,7.24530652155207,307,451
172,11,0.0,1.2609341144561768,0.11150367558002472,0.3496243357658386,0.0,5.053487698759907,274,447
172,12,0.14504584670066833,2.2979583740234375,0.29009169340133667,0.3496243357658386,3.61168623510563,7.18075580318652,62,423
172,13,0.03955795615911484,1.2619599103927612,0.09099524468183517,0.38847148418426514,1.7954310593370244,4.122230338016684,242,443
172,14,0.0,2.4513168334960938,-0.6329272985458374,0.38847148418426514,0.0,-14.477512503083895,74,410
172,15,0.07911591231822968,1.2613495588302612,0.07159501314163208,0.42731863260269165,3.5890742924220893,3.2423014805238823,165,435
172,16,0.0,1.257330060005188,0.1466595083475113,0.46616578102111816,0.0,6.653121343747667,153,430
172,17,-0.07911591231822968,1.2618286609649658,0.06258565932512283,0.5050129294395447,-3.5877151213343024,2.8339405521112013,162,446
172,18,-0.19778978824615479,1.2460743188858032,-0.10279063135385513,0.5438600778579712,-9.019332031720255,-4.657692062561865,135,435
172,19,-0.19778978824615479,1.0361253023147583,-0.009643596597015858,0.5827072262763977,-10.807379892026594,-0.5237995513600701,134,414
172,20,-0.07911591231822968,1.2593315839767456,0.10105667263269424,0.6215543746948242,-3.594810418510692,4.578953201633222,149,408
172,21,-0.07911591231822968,1.2038278579711914,0.3833104968070984,0.6604015231132507,-3.760087829734874,17.62631784151343,127,417
172,22,0.0,0.5738031268119812,0.2671085298061371,0.6992486715316772,0.0,24.962238451490396,76,430
172,23,0.0,1.2023190259933472,0.39600104093551636,0.6992486715316772,0.0,18.230041045274284,94,418
172,24,-0.059336934238672256,0.5648300051689148,0.27936211228370667,0.7380958199501038,-5.997081221517473,26.192029406088775,95,431
172,25,0.0,1.475455403327942,0.06371018290519714,0.7380958199501038,0.0,2.472496579631296,91,432
172,26,-0.059336934238672256,0.571176290512085,0.2661460340023041,0.7769429683685303,-5.9309258320296,24.866170004310977,126,425
172,27,0.0,1.4710242748260498,0.13082580268383026,0.7769429683685303,0.0,5.082239117151704,96,432
172,28,-0.059336934238672256,0.5758736729621887,0.2558234632015228,0.8157901167869568,-5.882888143242054,23.840434398189867,142,420
172,29,-0.09889489412307739,0.5880793929100037,0.21208356320858002,0.8546372652053833,-9.545879380200251,19.577621099920215,147,427
172,30,-0.059336934238672256,0.592576265335083,0.21431158483028412,0.8934844136238098,-5.718185326411989,19.791832716807978,141,427
172,31,-0.09889489412307739,0.570271909236908,0.2561381459236145,0.9323315620422363,-9.838222751987308,23.87158228100471,131,418
172,32,-0.09889489412307739,0.5658685564994812,0.2657245695590973,0.9711787104606628,-9.91326663983553,24.824124492264527,96,439
172,33,-0.11867386847734451,0.5648891925811768,0.25964149832725525,1.0100258588790894,-11.864358248530232,24.218859357368682,88,441
172,34,0.0,1.2591983079910278,-0.1296442449092865,1.0100258588790894,0.0,-5.878333162505145,69,421
172,35,-0.11867386847734451,0.5540205240249634,0.2820899188518524,1.048872947692871,-12.090325782853009,26.46754951338588,119,431
172,36,-0.07911591231822968,0.5450367331504822,0.31188562512397766,1.0877201557159424,-8.259198814166501,29.522603103305055,138,424
172,37,-0.09889489412307739,0.5706019401550293,0.25540199875831604,1.1265673637390137,-9.832643512157713,23.798730421509987,116,429
172,38,-0.059336934238672256,0.6052084565162659,0.17549601197242737,1.1654144525527954,-5.599599257398784,16.097737842700994,92,439
172,39,-0.09230189770460129,1.3285354375839233,-0.6383586525917053,1.1654144525527954,-3.974319713225048,-25.61038172061786,127,403
172,40,-0.07911591231822968,0.714965283870697,0.44129088521003723,1.2042615413665771,-6.314489037296862,31.528093845227577,113,422
172,41,-0.23075474798679352,1.1104471683502197,-0.9458790421485901,1.2042615413665771,-11.739188459475079,-39.82755815949674,124,407
172,42,-0.19778978824615479,0.9595940113067627,-0.8015275597572327,1.2819559574127197,-11.646596836307559,-39.28593218172451,110,426
172,43,-0.07911591231822968,0.836976945400238,0.07336661219596863,1.3208030462265015,-5.399884453435834,4.987433585698515,104,432
172,44,-0.07911591231822968,0.8285794258117676,0.13917343318462372,1.3596501350402832,-5.454283026452994,9.492376128043027,113,428
172,45,-0.3164636492729187,1.2789726257324219,1.054878830909729,1.3596501350402832,-13.897886117063704,38.68218720817113,66,419
172,46,-0.07911591231822968,0.8378443717956543,0.06268838047981262,1.3984973430633545,-5.394326908371637,4.2600760476907364,114,414
172,47,-0.1054878830909729,0.8372840881347656,6.277367948365198e-15,1.4373445510864258,-7.180756017390684,4.2619433046559726e-13,110,412
172,48,-0.07911591231822968,0.8352589011192322,0.09086070954799652,1.4761916399002075,-5.410925622499953,6.180859082166937,106,403
172,49,-0.27690568566322327,1.3407624959945679,-0.5538113713264465,1.5150387287139893,-11.669146295179061,-22.02431254388517,74,409
172,50,-0.23075474798679352,1.3837591409683228,-0.46150949597358704,1.5538859367370605,-9.467487897265753,-18.209956295268043,74,407
172,51,0.0,1.2256584167480469,0.3164636492729187,-1.0100258588790894,0.0,14.477512503083895,71,399
172,52,0.0,1.2256584167480469,0.3164636492729187,-0.8934844136238098,0.0,14.477512503083895,82,406
172,53,0.11867386847734451,1.2056621313095093,0.3669919967651367,-0.8934844136238098,5.621541278557149,16.85295097833235,82,406
172,54,0.0,1.2434844970703125,0.23692627251148224,-0.8157901167869568,0.0,10.787502897511425,94,393
172,55,-0.07911591231822968,1.2153469324111938,0.34505119919776917,-0.8157901167869568,-3.724550458390422,15.818064139078658,94,393
172,56,0.0,1.239014744758606,0.259288489818573,-0.7769429683685303,0.0,11.819708380612495,107,401
172,57,0.0,1.25199294090271,0.1868194043636322,-0.7380958199501038,0.0,8.486919825176399,77,407
172,58,0.11867386847734451,1.2056621313095093,0.3669919967651367,-0.7380958199501038,5.621541278557149,16.85295097833235,77,407
172,59,0.0,1.2256584167480469,0.3164636492729187,-0.6992486715316772,0.0,14.477512503083895,99,395
172,60,0.0,1.25199294090271,0.1868194043636322,-0.6604015231132507,0.0,8.486919825176399,87,405
172,61,0.11867386847734451,1.2056621313095093,0.3669919967651367,-0.6604015231132507,5.621541278557149,16.85295097833235,87,405
172,62,0.07911591231822968,1.230144739151001,0.28787606954574585,-0.6215543746948242,3.6798704967782325,13.145010053337872,101,399
172,63,0.11867386847734451,1.214647889137268,0.33605796098709106,-0.5827072262763977,5.5802175267919445,15.395423612525402,102,405
172,64,0.03955795615911484,1.2478951215744019,0.20876015722751617,-0.5438600778579712,1.8156535524813437,9.492376809488906,86,410
172,65,0.0,1.25199294090271,0.1868194043636322,-0.5050129294395447,0.0,8.486919825176399,102,400
172,66,0.03955795615911484,1.211551308631897,0.3646455705165863,-0.46616578102111816,1.8700809623956853,16.742012211144207,104,403
172,67,-0.4351375102996826,0.9725902080535889,-0.6834556460380554,-0.46616578102111816,-24.103774085746885,-32.67794603137343,104,403
172,68,0.046150948852300644,1.402108073234558,0.46150949597358704,-0.42731863260269165,1.8852328962788947,18.209956964272543,75,411
172,69,-0.03955795615911484,1.264413833618164,-0.045615483075380325,-0.38847148418426514,-1.7919488333654585,-2.0651191463684464,142,415
172,70,-0.03955795615911484,1.2650846242904663,0.019594328477978706,-0.3496243357658386,-1.7909993004442224,0.8869242646331009,116,422
172,71,-0.19778978824615479,1.2275720834732056,0.23734773695468903,-0.3107771873474121,-9.15298897048809,10.80692251960495,141,412
172,72,-0.3164636492729187,1.0473111867904663,-0.6366928815841675,-0.2719300389289856,-16.813123016449367,-30.197003651263756,172,417
172,73,0.15823182463645935,1.2061822414398193,0.34996408224105835,-0.2719300389289856,7.473613430813311,16.049318868180865,172,417
172,74,-0.19778978824615479,1.1775976419448853,-0.42015570402145386,-0.23308289051055908,-9.53442993924158,-19.385029372269482,173,432
172,75,0.19778978824615479,1.1630749702453613,0.4588286280632019,-0.23308289051055908,9.65125523841837,21.25168843002053,173,432
172,76,-0.11867386847734451,1.2476544380187988,-0.17794029414653778,-0.19423574209213257,-5.433488905802834,-8.08079057510435,171,467
172,77,-0.2175687700510025,2.3020596504211426,-0.19745640456676483,-0.19423574209213257,-5.399014844824795,-4.880833366211331,107,414
172,78,-0.07911591231822968,1.2279491424560547,-0.2971019446849823,-0.15538859367370605,-3.686432048654071,-13.574212287592895,123,476
172,79,-0.14504584670066833,2.279242992401123,-0.4120890498161316,-0.15538859367370605,-3.641263146693808,-10.228160499947785,118,426
172,80,0.15823182463645935,1.1948646306991577,0.38684502243995667,-0.11654144525527954,7.54359110161924,17.79425818923909,113,495
172,81,-0.27690568566322327,0.9947929382324219,-0.7321872711181641,-0.11654144525527954,-15.554814959539328,-35.3390263182349,113,495
172,82,-0.13185985386371613,1.0440113544464111,-0.0736384466290474,-0.07769429683685303,-7.19840907445208,-4.002930333356778,147,509
172,83,-0.07911591231822968,1.2600935697555542,-0.09106472134590149,-0.038847148418426514,-3.592642311211236,-4.1253830179268665,198,499
172,84,0.0,2.3151049613952637,0.16153346002101898,-0.038847148418426514,0.0,3.9912704475748844,64,476
173,0,0.03955795615911484,1.240039587020874,0.2512466013431549,0.0,1.8271477756381627,11.448077515450121,244,526
173,1,0.03955795615911484,1.2620655298233032,0.08951841294765472,0.038847148418426514,1.795280902074165,4.0552146311374635,239,526
173,2,-0.07252292335033417,2.3156075477600098,0.13603894412517548,0.038847148418426514,-1.7938703022901943,3.360544313603311,106,475
173,3,0.03955795615911484,1.2628244161605835,0.07808714359998703,0.07769429683685303,1.7942027447544637,3.5366669124575645,222,508
173,4,-0.07252292335033417,2.309353828430176,0.21778281033039093,0.07769429683685303,-1.79872490781161,5.384686845511887,143,449
173,5,-0.03296496346592903,1.0484895706176758,0.11114031821489334,0.11654144525527954,-1.8008107640704245,6.047814700343049,147,503
173,6,-0.06592992693185806,1.0225275754928589,0.2507188022136688,0.15538859367370605,-3.689176587972841,13.749384343522888,179,466
173,7,-0.03955795615911484,1.2542487382888794,0.16638211905956268,0.19423574209213257,-1.8064621508642786,7.552730023389484,169,445
173,8,0.0,1.2613003253936768,0.10728201270103455,0.23308289051055908,0.0,4.861686892648574,169,431
173,9,0.0,1.2574896812438965,0.14528430998325348,0.2719300389289856,0.0,6.590458488548811,155,431
173,10,0.07911591231822968,1.2540572881698608,0.15319541096687317,0.3107771873474121,3.6098895241896916,6.951050318242029,139,440
173,11,0.0,1.25199294090271,0.1868194043636322,0.3496243357658386,0.0,8.486919825176399,125,423
173,12,0.03955795615911484,1.2627604007720947,0.07911591231822968,0.38847148418426514,1.794293642052232,3.583321558972172,94,442
173,13,0.07911591231822968,1.2630562782287598,0.028587576001882553,0.42731863260269165,3.5842371654809075,1.2940560331962514,85,438
173,14,-0.23075474798679352,0.9433203339576721,0.4119081497192383,0.46616578102111816,-13.745743791795052,22.984314685799728,67,440
173,15,-0.13185985386371613,0.9588971734046936,0.419402539730072,0.46616578102111816,-7.829750474092442,23.427205837507696,67,440
173,16,-0.09889489412307739,0.9994892477989197,0.32250648736953735,0.5050129294395447,-5.65076279095269,17.801995222661393,141,429
173,17,-0.06592992693185806,1.0221319198608398,0.2523272931575775,0.5438600778579712,-3.690600680272492,13.839343200628903,119,444
173,18,-0.1054878830909729,0.7604231834411621,0.3504301905632019,0.5827072262763977,-7.897815306743249,24.535018745086063,69,475
173,19,0.0,1.4110310077667236,-0.43591195344924927,0.5827072262763977,0.0,-17.167567309453737,79,432
173,20,-0.13185985386371613,0.9834351539611816,0.3581028878688812,0.6215543746948242,-7.636722544991327,19.844769544671884,128,461
173,21,-0.07911591231822968,0.7995913624763489,0.25800520181655884,0.6604015231132507,-5.65076283057283,17.801996738079737,150,472
173,22,-0.07911591231822968,0.7878391742706299,0.29192888736724854,0.6992486715316772,-5.734497494264315,20.23839611755762,201,464
173,23,-0.07911591231822968,0.7889806628227234,0.2888296842575073,0.7380958199501038,-5.726256062172093,20.014294353669687,205,474
173,24,-0.05274394154548645,0.7926537394523621,0.2847639322280884,0.7769429683685303,-3.8069042424460764,19.720785733182215,202,475
173,25,-0.07911591231822968,0.7883735299110413,0.2904827296733856,0.8157901167869568,-5.73063655904264,20.13378546596127,206,478
173,26,-0.05274394154548645,0.7876580953598022,0.29830387234687805,0.8546372652053833,-3.830977485583951,20.70038941118967,205,482
173,27,-0.05274394154548645,0.785170316696167,0.30479174852371216,0.8934844136238098,-3.8430794577195386,21.172014985863804,203,479
173,28,-0.05274394154548645,0.7851884961128235,0.30474501848220825,0.9323315620422363,-3.8429907457838266,21.16861168338488,216,464
173,29,-0.07911591231822968,0.7851667404174805,0.2990422248840332,0.9711787104606628,-5.753884980783484,20.753988208973304,238,445
173,30,-0.07911591231822968,0.7792860865592957,0.314048171043396,1.0100258588790894,-5.797010367122472,21.847517161617695,243,441
173,31,-0.05274394154548645,0.7768499851226807,0.32541441917419434,1.048872947692871,-3.8841148413660522,22.681391500760228,253,425
173,32,-0.05274394154548645,0.7784481048583984,0.3215726912021637,1.0877201557159424,-3.8761652568451344,22.39898922531585,247,419
173,33,-0.05274394154548645,0.7699812650680542,0.34134915471076965,1.1265673637390137,-3.9186561289768687,23.859084271928964,242,413
173,34,-0.07911591231822968,0.7658892869949341,0.34543702006340027,1.1654144525527954,-5.897701980160525,24.16291410202104,244,400
173,35,-0.05274394154548645,0.7716553211212158,0.3375478684902191,1.2042615413665771,-3.910181259387097,23.577188334628712,204,416
173,36,-0.05274394154548645,0.7686662077903748,0.34430035948753357,1.2431087493896484,-3.925339343391771,24.07836028268547,197,413
173,37,-0.07911591231822968,0.7579298615455627,0.3625677525997162,1.2819559574127197,-5.959193490191653,25.44420765971666,177,403
173,38,0.0,0.7308414578437805,0.4219515323638916,1.3208030462265015,0.0,30.000001206874515,117,401
173,39,-0.07911591231822968,0.6932368278503418,0.47469547390937805,1.3984973430633545,-6.510733223243605,34.22886534440114,75,400
173,40,0.0,0.7897610068321228,0.29740527272224426,1.6315802335739136,0.0,20.63518442454946,64,406
173,41,-0.13185985386371613,0.7968225479125977,0.2446613311767578,1.6315802335739136,-9.396272204145564,16.85295084622309,64,406
173,42,0.026371970772743225,0.7673802375793457,0.3501492142677307,1.7092745304107666,1.968265692855187,24.51405139750366,69,420
173,43,-0.07911591231822968,0.7977249026298523,0.26371970772743225,1.7092745304107666,-5.663898217520632,18.209956230769993,69,420
173,44,0.0,0.7809861898422241,0.31973889470100403,1.748121738433838,0.0,22.264390576540393,106,411
173,45,-0.39557957649230957,0.6475916504859924,-0.36920759081840515,1.748121738433838,-31.41855685214317,-25.94447961456183,106,411
173,46,0.0,0.7308414578437805,0.4219515323638916,1.7869688272476196,0.0,30.000001206874515,126,399
173,47,-0.05274394154548645,0.7475681304931641,0.3879849910736084,1.8258159160614014,-4.03576030817161,27.371019179795223,141,405
173,48,-0.026371970772743225,0.7250331044197083,0.43104979395866394,1.8646631240844727,-2.0831280347676007,30.715876462466863,154,416
173,49,-0.026371970772743225,0.7065427303314209,0.46073228120803833,1.903510332107544,-2.1375940113788277,33.089884018393874,172,417
173,50,-0.026371970772743225,0.6983006596565247,0.4731311798095703,1.9423574209213257,-2.162800298448725,34.10050892216758,194,404
173,51,-0.026371970772743225,0.702684760093689,0.4665951728820801,1.9812045097351074,-2.149319127988215,33.56628802362547,192,404
173,52,-0.026371970772743225,0.6903548836708069,0.48465150594711304,2.0200517177581787,-2.1876694264483816,35.05045637227989,168,405
173,53,0.0,0.8339647650718689,0.6459659934043884,2.097745895385742,0.0,37.760370731231156,147,403
173,54,0.0,0.8759137392044067,0.5878303050994873,2.1365931034088135,0.0,33.86576911920335,154,405
173,55,0.0,0.8156499266624451,0.6689428687095642,2.1754403114318848,0.0,39.35636969004114,154,398
173,56,0.0,1.4768303632736206,0.0,2.2919816970825195,0.0,0.0,63,393
173,57,0.026371970772743225,0.7583947777748108,-0.36920759081840515,-2.2531347274780273,1.9915670314382745,-25.944480149220546,69,398
173,58,0.13185985386371613,0.7968225479125977,-0.2446613311767578,-2.2531347274780273,9.396272204145564,-16.85295084622309,69,398
173,59,0.0,0.7308414578437805,-0.4219515323638916,-2.214287519454956,0.0,-30.000001206874515,86,397
173,60,0.05274394154548645,0.7540643811225891,-0.37520310282707214,-2.1754403114318848,4.001105718472581,-26.39803780308147,87,416
173,61,0.18460379540920258,0.8041530251502991,-0.17729021608829498,-2.1754403114318848,12.92898296151042,-12.127252263400665,87,416
173,62,0.05274394154548645,0.8040905594825745,-0.2506568431854248,-2.1365931034088135,3.752913357421359,-17.27875844646099,110,400
173,63,0.0,0.9135518670082092,-0.5274394154548645,-2.05889892578125,0.0,-29.999999992838863,73,417
173,64,0.06592992693185806,0.9756738543510437,-0.39557957649230957,-2.05889892578125,3.865812962440674,-22.02431291499231,73,417
173,65,0.13185985386371613,1.0128347873687744,-0.26371970772743225,-2.0200517177581787,7.4175555709862815,-14.477511777662764,89,409
173,66,-0.36261460185050964,0.8635579943656921,0.4853324592113495,-2.0200517177581787,-22.77790741306196,27.392502682652257,89,409
173,67,0.03296496346592903,0.9479935169219971,-0.46150949597358704,-1.9812045097351074,1.9915669375997749,-25.944479451475452,78,397
173,68,0.06592992693185806,0.9756738543510437,-0.39557957649230957,-1.8258159160614014,3.865812962440674,-22.02431291499231,88,400
173,69,0.16482481360435486,1.0079030990600586,-0.26407092809677124,-1.8258159160614014,9.287507224810787,-14.497215360127454,88,400
173,70,0.16482481360435486,1.0380494594573975,-0.08975290507078171,-1.7869688272476196,9.02228669916624,-4.880832823016542,87,411
173,71,0.026371970772743225,0.8285165429115295,-0.15823182463645935,-1.748121738433838,1.823129116674186,-10.806922346704267,72,410
173,72,0.03296496346592903,1.0535224676132202,-0.04210694506764412,-1.6315802335739136,1.7922135386477867,-2.287647996102862,68,414
173,73,0.0,1.054878830909729,0.0,-1.5927331447601318,0.0,0.0,85,412
173,74,0.09889489412307739,1.0499706268310547,0.02347175031900406,-1.5927331447601318,5.38071504388807,1.274974083556185,85,412
173,75,0.0,0.8394654989242554,-0.08642949908971786,-1.5538859367370605,0.0,-5.8783336065392815,99,401
173,76,0.026371970772743225,0.8418402671813965,0.05274394154548645,-1.5150387287139893,1.794293642052232,3.5833215589721723,79,409
173,77,0.0,0.9679208993911743,0.419402539730072,-1.3208030462265015,0.0,23.427205198828737,71,394
173,78,0.0,1.2256584167480469,0.3164636492729187,-0.8934844136238098,0.0,14.477512503083895,77,392
173,79,0.07911591231822968,1.2153469324111938,0.34505119919776917,-0.6992486715316772,3.724550458390422,15.818064139078658,109,413
173,80,0.0,1.242116928100586,0.2439945638179779,-0.6604015231132507,0.0,11.113365217276424,122,402
173,81,-0.19778978824615479,1.2145516872406006,-0.29686930775642395,-0.6215543746948242,-9.249424891854705,-13.563380227864231,131,395
173,82,0.11867386847734451,1.1647377014160156,0.48134228587150574,-0.6215543746948242,5.817728667777582,22.349222215630085,131,395
173,83,-0.15823182463645935,1.245284914970398,-0.16314467787742615,-0.5827072262763977,-7.241468414963791,-7.404937295400976,163,398
173,84,-0.11867386847734451,1.2600884437561035,0.02194076031446457,-0.5438600778579712,-5.380189765476601,0.9931440454950548,169,403
173,85,0.0,1.2599941492080688,0.12166640162467957,-0.5050129294395447,0.0,5.51544295800203,153,411
173,86,0.07911591231822968,1.2351642847061157,0.2655138373374939,-0.46616578102111816,3.6649568272863235,12.107741189601612,127,409
173,87,-0.15823182463645935,1.2333760261535645,0.23692627251148224,-0.42731863260269165,-7.310635706298603,10.787502768871704,127,407
173,88,0.23734773695468903,1.2430754899978638,-0.028587576001882553,-0.42731863260269165,10.809712956460244,-1.294055979678566,127,407
173,89,-0.07911591231822968,1.258915901184082,0.10611030459403992,-0.38847148418426514,-3.5959942787449597,4.808462976355108,199,421
173,90,-0.03955795615911484,1.258682131767273,0.1286163181066513,-0.3496243357658386,-1.800103532673907,5.831563179094284,213,427
173,91,0.0,1.2569386959075928,0.1499771773815155,-0.3107771873474121,0.0,6.80432867266495,209,428
173,92,0.03955795615911484,1.2543442249298096,0.16566121578216553,-0.2719300389289856,1.8063247254886412,7.519815412873254,227,436
173,93,0.03296496346592903,1.0401077270507812,0.17279639840126038,-0.23308289051055908,1.8153131611291036,9.427930002512847,247,423
173,94,0.0,1.2502192258834839,0.19834297895431519,-0.19423574209213257,0.0,9.014650221204084,275,445
173,95,0.0,1.2585045099258423,0.13621416687965393,-0.15538859367370605,0.0,6.177358290807292,266,478
173,96,0.03296496346592903,1.033337950706482,0.209511861205101,-0.11654144525527954,1.8271979086572967,11.455819721170286,168,515
173,97,-0.03955795615911484,1.2610418796539307,0.10293950885534286,-0.07769429683685303,-1.7967372656965706,4.664452885896789,251,542
173,98,0.03955795615911484,1.251760721206665,0.18416890501976013,-0.07769429683685303,1.8100503141517663,8.36564205520675,251,542
173,99,0.07252292335033417,2.318925619125366,0.05593964084982872,-0.07769429683685303,1.79130518809358,1.3812079349463264,65,506
173,100,0.07911591231822968,1.241154432296753,0.23593281209468842,-0.038847148418426514,3.6473166140830107,10.741730256429483,257,574
174,0,0.07911591231822968,1.2555639743804932,0.1403125673532486,0.038847148418426514,3.605569063787871,6.363979014207943,184,487
174,1,0.0,1.0135579109191895,0.2923520505428314,0.07769429683685303,0.0,16.08975050904955,197,466
174,2,0.0,1.2564541101455688,0.15398332476615906,0.15538859367370605,0.0,6.986978837816108,182,420
174,3,0.0,1.2657817602157593,-0.01357690617442131,0.19423574209213257,0.0,-0.6145368955185678,146,429
174,4,0.0,1.263702630996704,-0.0737815797328949,0.23308289051055908,0.0,-3.3414344106096663,101,439
174,5,0.0,1.2591983079910278,0.1296442449092865,0.3107771873474121,0.0,5.878333162505145,109,420
174,6,-0.07911591231822968,1.2351642847061157,-0.2655138373374939,0.3496243357658386,-3.6649568272863235,-12.107741189601612,105,426
174,7,-0.13185985386371613,0.9226988554000854,0.4939728379249573,0.38847148418426514,-8.1328852962114,27.922347414915293,113,425
174,8,-0.06592992693185806,0.9120195508003235,0.525968611240387,0.38847148418426514,-4.134721549156244,29.907796800943224,113,425
174,9,-0.09889489412307739,0.9982746839523315,0.32624658942222595,0.42731863260269165,-5.657593289329058,18.01548320285921,199,416
174,10,-0.09889489412307739,0.9850391745567322,0.3642622232437134,0.46616578102111816,-5.733108639471096,20.200837102771764,194,420
174,11,-0.09889489412307739,0.9519605040550232,0.44357675313949585,0.5050129294395447,-5.93092593094918,24.866171012815737,131,417
174,12,-0.2109757661819458,1.6205356121063232,-0.4219515323638916,0.7769429683685303,-7.417555786814828,-14.477512178954797,69,396
174,13,-0.1054878830909729,1.671242356300354,-0.2109757661819458,0.7769429683685303,-3.611686260297547,-7.1807558526846025,69,396
174,14,0.0,1.2004871368408203,0.40152034163475037,-0.38847148418426514,0.0,18.493259504983143,122,402
174,15,0.03955795615911484,1.201806902885437,0.39557957649230957,-0.3496243357658386,1.88523292297383,18.209957571128275,109,407
174,16,0.03296496346592903,0.9592252969741821,0.4376865327358246,-0.3107771873474121,1.968265692855187,24.51405213390492,101,413
174,17,0.03296496346592903,0.9360208511352539,0.4853324592113495,-0.2719300389289856,2.0170202106096746,27.3925031700051,98,432
174,18,0.0,1.2633533477783203,0.07953739166259766,-0.23308289051055908,0.0,3.6024364739007844,120,434
174,19,0.0,1.2589572668075562,0.13196438550949097,-0.19423574209213257,0.0,5.983913812441096,176,442
174,20,0.0,2.308530330657959,-0.23768113553524017,-0.19423574209213257,0.0,-5.878333399259111,76,416
174,21,0.2175687700510025,2.30865478515625,0.09263528138399124,-0.19423574209213257,5.38368222847785,2.287647817845152,76,416
174,22,-0.03955795615911484,1.2613648176193237,-0.09890230000019073,-0.15538859367370605,-1.7962775616575422,-4.481135422312587,215,466
174,23,0.0,2.3123841285705566,-0.19668370485305786,-0.15538859367370605,0.0,-4.86168684349611,79,450
174,24,-0.15823182463645935,1.2307900190353394,-0.25001320242881775,-0.11654144525527954,-7.325829358323752,-11.391122837490235,206,482
174,25,0.15823182463645935,1.2541277408599854,0.06718828529119492,-0.07769429683685303,7.190945347689365,3.042541289553259,270,527
174,26,0.13185985386371613,1.0446953773498535,0.06319726258516312,-0.038847148418426514,7.193745249385451,3.434618120918506,265,566
175,0,0.03955795615911484,1.249849796295166,0.19671981036663055,0.0,1.8128158977442448,8.940270397350654,216,488
175,1,0.11867386847734451,1.256283164024353,0.1002844050526619,0.038847148418426514,5.396390291027903,4.543887323137131,183,545
175,2,0.0,1.0336922407150269,0.21035628020763397,0.07769429683685303,0.0,11.50261956703727,213,514
175,3,0.0,1.2275434732437134,0.3090711832046509,0.11654144525527954,0.0,14.132203111507106,215,462
175,4,-0.09230189770460129,1.4664418697357178,0.14851412177085876,0.15538859367370605,-3.6016032138118743,5.771577115043301,98,444
175,5,-0.11867386847734451,1.1825546026229858,0.4357394576072693,0.19423574209213257,-5.730663959945844,20.13452658714499,106,433
175,6,-0.03955795615911484,1.246634602546692,0.21616022288799286,0.23308289051055908,-1.8174881972474384,9.832142707765493,162,402
175,7,-0.1054878830909729,0.7516234517097473,0.36892661452293396,0.2719300389289856,-7.989092960457577,25.923267695321506,76,423
175,8,0.0,1.4746721982955933,-0.07981102168560028,0.2719300389289856,0.0,-3.0978937372650925,148,401
175,9,-0.06592992693185806,0.9648213386535645,0.4213578999042511,0.3107771873474121,-3.909162376336161,23.54300188379073,202,411
175,10,-0.03296496346592903,0.9479935169219971,0.46150949597358704,0.3496243357658386,-1.9915669375997749,25.944479451475452,259,406
175,11,-0.03296496346592903,0.9440340399742126,0.469555526971817,0.38847148418426514,-1.9999132185291457,26.43149344267365,266,416
175,12,-0.06592992693185806,0.9396694898605347,0.4748092293739319,0.42731863260269165,-4.013460233715524,26.75060342620524,268,394
175,13,-0.06592992693185806,0.9482633471488953,0.4574049115180969,0.46616578102111816,-3.9772045762911397,25.6968123328452,206,404
175,14,-0.09889489412307739,0.9272552132606506,0.4931398630142212,0.5050129294395447,-6.087774935357553,27.871155558230328,128,401
175,15,0.0,0.9872012734413147,0.37175658345222473,-0.3496243357658386,0.0,20.635183760603045,69,404
175,16,-0.36261460185050964,0.8104918003082275,-0.5695464015007019,-0.3496243357658386,-24.10377571805972,-32.67794833859009,69,404
175,17,0.0,0.9135518670082092,0.5274394154548645,-0.2719300389289856,0.0,29.999999992838863,60,416
175,18,0.0,0.9563385248184204,0.44518089294433594,-0.23308289051055908,0.0,24.962239396079056,122,393
175,19,-0.03955795615911484,1.2596482038497925,-0.11878321319818497,-0.19423574209213257,-1.7987238721173768,-5.384350096121719,173,424
175,20,-0.03955795615911484,1.2649190425872803,0.028334200382232666,-0.15538859367370605,-1.7912335949124751,1.2825846701289152,253,424
175,21,0.0,1.2628216743469238,0.08757571130990982,-0.11654144525527954,0.0,3.967066731844792,193,449
175,22,0.05274394154548645,0.7819892168045044,0.3128630220890045,-0.07769429683685303,3.858665813688599,21.760853730061008,147,493
175,23,0.0,1.2479459047317505,0.21217645704746246,-0.038847148418426514,0.0,9.649190034565253,194,520
176,0,0.11867386847734451,1.2408652305603027,0.22035834193229675,0.0,5.4630380555942795,10.025049679327132,250,529
176,1,0.11867386847734451,1.235744833946228,0.24746574461460114,0.038847148418426514,5.485536749622429,11.273525428245541,247,579
176,2,0.11867386847734451,1.2290316820144653,0.27890047430992126,0.07769429683685303,5.5153153067150225,12.728171826283221,253,550
176,3,0.03955795615911484,1.234602689743042,0.2767297029495239,0.11654144525527954,1.8351886107520277,12.627461362115241,223,476
176,4,0.0,1.2591983079910278,0.1296442449092865,0.19423574209213257,0.0,5.878333162505145,75,404
176,5,-0.3164636492729187,1.2256584167480469,1.8832103845095594e-14,0.19423574209213257,-14.477512503083895,8.523886513613167e-13,75,404
176,6,0.0,1.1846415996551514,0.4461079239845276,0.23308289051055908,0.0,20.635183629588788,105,411
176,7,0.0,1.2256584167480469,0.3164636492729187,0.2719300389289856,0.0,14.477512503083895,147,401
176,8,0.0,1.2256584167480469,0.3164636492729187,0.3107771873474121,0.0,14.477512503083895,128,404
176,9,0.0,1.0213819742202759,0.26371970772743225,0.3496243357658386,0.0,14.477513042655318,91,408
176,10,0.03296496346592903,1.0523003339767456,0.06592992693185806,0.38847148418426514,1.794293642052232,3.583321558972172,63,409
176,11,0.0,1.25199294090271,0.1868194043636322,0.46616578102111816,0.0,8.486919825176399,70,400
176,12,0.03955795615911484,1.2478951215744019,0.20876015722751617,0.5438600778579712,1.8156535524813437,9.492376809488906,77,403
176,13,0.0,1.2591983079910278,0.1296442449092865,0.5827072262763977,0.0,5.878333162505145,71,403
176,14,0.0,0.9135518670082092,0.5274394154548645,-0.3107771873474121,0.0,29.999999992838863,69,409
176,15,-0.09889489412307739,0.9443511962890625,0.45955410599708557,-0.2719300389289856,-5.978370864850199,25.826428777945864,131,409
176,16,-0.09889489412307739,0.9639461636543274,0.41688966751098633,-0.23308289051055908,-5.857697070715478,23.27853942355121,170,421
176,17,-0.06592992693185806,0.967440664768219,0.41530850529670715,-0.19423574209213257,-3.898611080513659,23.185081133910153,209,423
176,18,-0.06592992693185806,0.9543560743331909,0.4445526897907257,-0.15538859367370605,-3.951894320243735,24.92460891041368,208,436
176,19,-0.03296496346592903,1.0042303800582886,0.32125386595726013,-0.11654144525527954,-1.8801216792288673,17.730551847323714,188,433
176,20,-0.09889489412307739,1.0043851137161255,0.30691978335380554,-0.07769429683685303,-5.623395175081856,16.914997474278323,146,442
176,21,0.36261460185050964,0.728756844997406,-0.6709645986557007,-0.07769429683685303,26.45400480153936,-39.498531660530055,146,442
176,22,0.11867386847734451,1.2323869466781616,0.26367902755737305,-0.038847148418426514,5.500391664504467,12.022817207019918,157,482
177,0,0.03955795615911484,1.253334641456604,0.1731335073709488,0.0,1.807778787284909,7.861100746957104,303,517
177,1,0.07911591231822968,1.2528059482574463,0.16311326622962952,0.038847148418426514,3.6134856408025215,7.4035035851201885,286,583
177,2,0.03955795615911484,1.250632643699646,0.19167986512184143,0.07769429683685303,1.81168190192818,8.709416780452706,296,559
177,3,0.03955795615911484,1.2559490203857422,0.15302038192749023,0.11654144525527954,1.804018210675383,6.943069104023626,210,548
177,4,-0.19778978824615479,1.1783852577209473,-0.41794177889823914,0.15538859367370605,-9.528174144075011,-19.27883306686145,92,503
177,5,0.0,1.1449846029281616,0.5398129820823669,0.19423574209213257,0.0,25.24194284372255,115,450
177,6,0.0,1.2548999786376953,0.16617421805858612,0.23308289051055908,0.0,7.543237439756779,182,429
177,7,-0.03955795615911484,1.2548662424087524,0.16165991127490997,0.2719300389289856,-1.8055738017898924,7.337172939293278,171,426
177,8,0.07911591231822968,1.2448809146881104,0.21540698409080505,0.3107771873474121,3.636427912652436,9.797542550031206,136,418
177,9,0.03955795615911484,1.2450337409973145,0.22519733011722565,0.3496243357658386,1.8198235490703591,10.247547821809349,164,397
177,10,0.03955795615911484,1.2251286506652832,0.3160421848297119,0.38847148418426514,1.8493704856759172,14.45781162256135,101,398
177,11,-0.11867386847734451,1.2592661380767822,-0.05052833631634712,0.38847148418426514,-5.383682414154553,-2.2876480597619353,101,398
177,12,0.0,1.25199294090271,0.1868194043636322,0.42731863260269165,0.0,8.486919825176399,82,403
177,13,0.03955795615911484,1.2478951215744019,0.20876015722751617,0.46616578102111816,1.8156535524813437,9.492376809488906,77,397
177,14,-0.13845284283161163,1.4440158605575562,-0.27690568566322327,-0.5438600778579712,-5.476801338750561,-10.806923013918386,61,409
177,15,-0.09889489412307739,0.9546830058097839,0.4376865327358246,-0.46616578102111816,-5.91413256007451,24.51405233942684,71,405
177,16,-0.09889489412307739,0.9453889727592468,0.4574154317378998,-0.42731863260269165,-5.971855713287705,25.697446414721057,174,398
177,17,-0.09889489412307739,0.9352046847343445,0.4778926372528076,-0.38847148418426514,-6.036411032405213,26.938305749659097,187,408
177,18,-0.09889489412307739,0.8665460348129272,0.5933693647384644,-0.3496243357658386,-6.51073346639184,34.228866335256974,127,411
177,19,-0.15823182463645935,1.0847827196121216,0.6329272985458374,-0.3107771873474121,-8.298921204805092,30.000000412444887,86,416
177,20,-0.4153585433959961,1.075847864151001,0.9225272536277771,-0.2719300389289856,-21.11035501119444,38.657753830133544,99,416
177,21,0.18460379540920258,1.3696975708007812,-0.5204592347145081,-0.23308289051055908,7.675901849053837,-20.635184695035708,85,428
177,22,0.03955795615911484,1.201806902885437,0.39557957649230957,-0.19423574209213257,1.88523292297383,18.209957571128275,70,432
177,23,0.07911591231822968,1.2569502592086792,0.12729781866073608,-0.15538859367370605,3.6016029704709247,5.771576728231773,81,438
177,24,-0.07911591231822968,1.2341108322143555,0.27036821842193604,-0.11654144525527954,-3.6680767429448067,12.33255644635599,110,446
177,25,0.0,1.25199294090271,0.1868194043636322,-0.07769429683685303,0.0,8.486919825176399,165,478
177,26,0.03955795615911484,1.2542097568511963,0.16667617857456207,-0.038847148418426514,1.8065182593674134,7.566156222980599,207,532
178,0,-0.07911591231822968,1.0477752685546875,0.7059005498886108,0.0,-4.318122725856856,33.89325601972019,202,501
178,1,0.35602161288261414,1.2100504636764526,-0.10683836042881012,0.0,16.394962325976646,-4.841533851223985,202,501
178,2,-0.07911591231822968,1.2627294063568115,0.04053392633795738,0.038847148418426514,-3.5851625664154487,1.8349816510261987,218,546
178,3,0.35602161288261414,1.214419960975647,-0.028644688427448273,0.038847148418426514,16.339124760034398,-1.2966417429864296,218,546
178,4,-0.07911591231822968,1.2628382444381714,0.03698700666427612,0.07769429683685303,-3.5848543839367557,1.6743637761068828,244,529
178,5,-0.03955795615911484,1.252703309059143,0.17764411866664886,0.11654144525527954,-1.8086892594056976,8.067250675591655,260,475
178,6,0.0,2.3175246715545654,-0.12199738621711731,0.11654144525527954,0.0,-3.013339855416808,66,450
178,7,-0.03955795615911484,1.2563047409057617,0.15007148683071136,0.15538859367370605,-1.8035077434193676,6.808627983855433,261,442
178,8,0.0,2.3189146518707275,-0.09186258167028427,0.15538859367370605,0.0,-2.2685559180066024,90,408
178,9,-0.07911591231822968,1.2630562782287598,0.028587576001882553,0.19423574209213257,-3.5842371654809075,1.2940560331962514,228,445
178,10,0.0,2.3207335472106934,0.0,0.19423574209213257,0.0,0.0,69,422
178,11,-0.07911591231822968,1.2619316577911377,0.06047339364886284,0.23308289051055908,-3.5874230625501555,2.7382209079692488,246,436
178,12,-0.07911591231822968,1.263375163078308,0.0034369132481515408,0.2719300389289856,-3.583334836103441,0.155563570471079,216,419
178,13,-0.15823182463645935,1.241953730583191,0.1868194043636322,0.3107771873474121,-7.2606845744949196,8.486919678004455,115,408
178,14,-0.11867386847734451,1.2598063945770264,0.034528352320194244,0.3496243357658386,-5.381387227664375,1.5630343949339656,132,401
178,15,-0.15823182463645935,1.2154017686843872,-0.3164636492729187,0.38847148418426514,-7.417555427100588,-14.477511510134752,83,403
178,16,-0.07911591231822968,1.1708085536956787,-0.47469547390937805,0.38847148418426514,-3.865813197890004,-22.024313375971534,83,403
178,17,-0.11867386847734451,1.2377279996871948,-0.23734773695468903,0.42731863260269165,-5.476800960936588,-10.806922288183708,80,407
178,18,0.0,1.2591983079910278,0.1296442449092865,-0.6992486715316772,0.0,5.878333162505145,61,408
178,19,0.07911591231822968,1.236975908279419,0.2569420635700226,-0.6604015231132507,3.659603880844631,11.711224385551665,82,414
178,20,0.0,1.2256584167480469,0.3164636492729187,-0.46616578102111816,0.0,14.477512503083895,76,398
178,21,-0.23734773695468903,1.2332950830459595,-0.15823182463645935,-0.46616578102111816,-10.89339410424658,-7.180755430505082,76,398
178,22,-0.07911591231822968,1.2593315839767456,0.10105667263269424,-0.42731863260269165,-3.594810418510692,4.578953201633222,77,409
178,23,0.0,1.0330026149749756,0.7316375374794006,-0.38847148418426514,0.0,35.308530197340076,78,411
178,24,-0.19778978824615479,1.204297423362732,0.33605796098709106,-0.38847148418426514,-9.326802975144131,15.395423107393077,78,411
178,25,0.0,1.0103822946548462,0.7625715732574463,-0.3496243357658386,0.0,37.04315756515646,74,418
178,26,-0.23734773695468903,1.1492249965667725,0.47469547390937805,-0.3496243357658386,-11.669146600545055,22.02431305788535,74,418
178,27,-0.07911591231822968,1.2027798891067505,0.3865863084793091,-0.3107771873474121,-3.763354542366629,17.78196080741816,75,427
178,28,-0.15823182463645935,0.7994627952575684,0.2190760374069214,-0.2719300389289856,-11.195443379016808,15.046244682680841,109,424
178,29,-0.1054878830909729,0.7956422567367554,0.2607644200325012,-0.23308289051055908,-7.552345856866736,17.998860138320723,159,432
178,30,-0.1054878830909729,0.7984675168991089,0.25198084115982056,-0.19423574209213257,-7.5259298378627095,17.372922117036584,148,475
178,31,-0.2175687700510025,2.30865478515625,-0.09263528138399124,-0.19423574209213257,-5.38368222847785,-2.287647817845152,76,434
178,32,-0.07911591231822968,0.7966209650039673,0.2670358717441559,-0.15538859367370605,-5.671695968937939,18.44713551575742,115,503
178,33,0.0,1.2509520053863525,-0.1936674863100052,-0.11654144525527954,0.0,-8.80044212715699,122,468
178,34,0.0,1.2657638788223267,0.015157030895352364,-0.07769429683685303,0.0,0.68606191938037,191,482
178,35,0.0,1.2619925737380981,0.09880590438842773,-0.038847148418426514,0.0,4.4767587195667495,149,519
179,0,0.07911591231822968,1.250481128692627,0.18007048964500427,0.0,3.6201857676623654,8.178187541147084,231,527
179,1,-0.03955795615911484,1.229477047920227,0.2986792325973511,0.038847148418426514,-1.8428341759852316,13.647667501338697,190,538
179,2,-0.03955795615911484,1.2592536211013794,0.12289533019065857,0.07769429683685303,-1.7992871255702916,5.5713290679125995,228,515
179,3,-0.03955795615911484,1.2633806467056274,0.06850112229585648,0.11654144525527954,-1.7934133243187789,3.1020492129028843,235,488
179,4,0.0,1.2421005964279175,0.24407817423343658,0.15538859367370605,0.0,11.117221153311226,139,516
179,5,-0.11867386847734451,1.2453482151031494,0.1934221386909485,0.19423574209213257,-5.443490635975387,8.789205578145674,155,492
179,6,-0.19778978824615479,1.0320297479629517,0.09253726899623871,0.23308289051055908,-10.849252469363925,5.032633687479858,113,456
179,7,0.0,1.2256584167480469,0.3164636492729187,0.2719300389289856,0.0,14.477512503083895,84,465
179,8,-0.09889489412307739,1.0451613664627075,0.10308623313903809,0.3107771873474121,-5.4053278354666965,5.6080828194096295,158,440
179,9,-0.16482481360435486,1.0416589975357056,-0.023423029109835625,0.3496243357658386,-8.991534478563882,-1.2723272017462635,123,424
179,10,-0.06592992693185806,1.0527678728103638,0.010125343687832355,0.3496243357658386,-3.583486800443028,0.5499668013638715,123,424
179,11,-0.23734773695468903,1.1712090969085693,0.41752031445503235,0.38847148418426514,-11.455955873986532,19.258624687621236,106,416
179,12,0.19778978824615479,1.2502435445785522,0.012571888975799084,0.38847148418426514,8.989746983675992,0.5690448515590364,106,416
179,13,-0.15823182463645935,1.2389180660247803,0.20599225163459778,0.42731863260269165,-7.278284559322502,9.365377940265207,134,410
179,14,-0.03955795615911484,1.2382947206497192,0.2597099840641022,0.46616578102111816,-1.829720639005772,11.839200749127237,146,410
179,15,0.07911591231822968,1.232299566268921,0.27850720286369324,0.5050129294395447,3.6734534258091243,12.709923686060502,119,401
179,16,0.0,1.0433274507522583,0.15568283200263977,0.6215543746948242,0.0,8.486919558344967,88,403
179,17,0.0,1.0325121879577637,0.21607375144958496,0.6604015231132507,0.0,11.819710013962274,119,398
179,18,0.03955795615911484,1.2526774406433105,0.1778261512517929,0.6992486715316772,1.8087265849345435,8.075572628122252,77,408
179,19,0.0,1.161505103111267,0.5032830238342285,0.7769429683685303,0.0,23.427203779594613,80,400
179,20,0.0,0.9872012734413147,0.37175658345222473,-2.097745895385742,0.0,20.635183760603045,62,405
179,21,-0.06592992693185806,1.0127891302108765,0.2875426709651947,-1.8646631240844727,-3.724550385530364,15.818064105112805,70,402
179,22,-0.19778978824615479,0.9055489897727966,0.503616452217102,-1.8646631240844727,-12.321028471323942,28.516799081805534,70,402
179,23,0.0,0.9291107058525085,0.4995223879814148,-1.8258159160614014,0.0,28.264028249477626,153,414
179,24,0.0,0.9112865924835205,0.5313436388969421,-1.7869688272476196,0.0,30.245167616138122,195,418
179,25,-0.03296496346592903,0.909239649772644,0.5338219404220581,-1.748121738433838,-2.0763792774296244,30.401111384442434,206,406
179,26,0.0,0.923271119594574,0.510235071182251,-1.7092745304107666,0.0,28.926725104164767,194,405
179,27,0.0,0.9315462708473206,0.4949655532836914,-1.6704273223876953,0.0,27.983388334722473,210,403
179,28,0.0,0.9135518670082092,0.5274394154548645,-1.6315802335739136,0.0,29.999999992838863,199,397
179,29,0.0,0.8759137392044067,0.5878303050994873,-1.5927331447601318,0.0,33.86576911920335,112,406
179,30,0.0,0.9394506812095642,0.4797934591770172,-1.5538859367370605,0.0,27.05417483953126,97,403
179,31,0.0,0.9487372636795044,0.46115827560424805,-1.5150387287139893,0.0,25.923267541576536,85,408
179,32,0.0,0.9291107058525085,0.4995223879814148,-1.4761916399002075,0.0,28.264028249477626,104,414
179,33,-0.03296496346592903,0.9305036067962646,0.4958283007144928,-1.4373445510864258,-2.028969782272252,28.036465619778777,185,402
179,34,-0.06592992693185806,0.9389793276786804,0.4761727452278137,-1.3984973430633545,-4.0164005290242875,26.833568011416837,213,409
179,35,-0.06592992693185806,0.9430856108665466,0.46798738837242126,-1.3596501350402832,-3.99896960554613,26.33641545139822,209,416
179,36,-0.06592992693185806,0.9554800987243652,0.44213175773620605,-1.3208030462265015,-3.947260026390031,24.77969509505432,195,403
179,37,-0.09889489412307739,0.9546830058097839,0.4376865327358246,-1.2819559574127197,-5.91413256007451,24.51405233942684,150,403
179,38,-0.09889489412307739,0.9471949338912964,0.4536638855934143,-1.2431087493896484,-5.960551576702164,25.47152995833988,198,404
179,39,-0.09889489412307739,0.9518139958381653,0.44389116764068604,-1.2042615413665771,-5.931832341336757,24.8849934971506,235,409
179,40,-0.06592992693185806,0.9576849937438965,0.4373352825641632,-1.1654144525527954,-3.938200809271346,24.493084553508705,221,414
179,41,-0.13185985386371613,0.9737348556518555,0.3836962580680847,-1.1265673637390137,-7.711888116400906,21.329747123976716,190,418
179,42,-0.13185985386371613,0.9602028727531433,0.4164046049118042,-1.0877201557159424,-7.819235246061915,23.249861843791432,167,411
179,43,-0.09889489412307739,0.9971561431884766,0.3296496272087097,-1.048872947692871,-5.663898345398814,18.209955588428958,133,394
179,44,-0.1054878830909729,0.7902126908302307,0.2767825722694397,-1.0100258588790894,-7.603633070947018,19.146161258147743,78,419
179,45,-0.16482481360435486,0.9960282444953918,0.30582666397094727,-0.9323315620422363,-9.396271443295875,16.852949929809927,68,409
179,46,-0.03296496346592903,1.009035587310791,0.30582666397094727,-0.9323315620422363,-1.8711745849028785,16.852949756181335,68,409
179,47,0.046150948852300644,1.4732204675674438,0.09230189770460129,-0.7769429683685303,1.794293642052232,3.5833215589721723,65,405
179,48,0.0,1.4723334312438965,-0.1151619479060173,-0.7380958199501038,0.0,-4.472415432888286,78,416
179,49,-0.16482481360435486,1.003581166267395,0.28004831075668335,-0.6604015231132507,-9.326802604290153,15.395423933520302,144,409
179,50,-0.09889489412307739,1.0220575332641602,0.24163545668125153,-0.6215543746948242,-5.526768195578986,13.242009531254528,184,407
179,51,-0.07911591231822968,0.822340726852417,0.17224624752998352,-0.5827072262763977,-5.495409656788698,11.777209718422657,171,417
179,52,-0.13185985386371613,1.01348876953125,0.2611950933933258,-0.5438600778579712,-7.412822434726326,14.335935396614422,204,406
179,53,-0.13185985386371613,1.016636848449707,0.2486603558063507,-0.5050129294395447,-7.390122296077854,13.634308640571277,237,411
179,54,-0.09889489412307739,1.0248686075210571,0.22942014038562775,-0.46616578102111816,-5.51170250262936,12.561346969835402,254,423
179,55,-0.13185985386371613,1.024229884147644,0.21525676548480988,-0.42731863260269165,-7.335935269798893,11.774377521399867,260,427
179,56,-0.09889489412307739,1.0292623043060303,0.2088257223367691,-0.38847148418426514,-5.488318208700046,11.417796854488268,258,453
179,57,-0.09889489412307739,1.0305651426315308,0.20229853689670563,-0.3496243357658386,-5.481422172674611,11.05634192503394,257,466
179,58,-0.09889489412307739,1.0324902534484863,0.19223152101039886,-0.3107771873474121,-5.4712639614431255,10.499730920714658,240,482
179,59,-0.14504584670066833,2.308774709701538,-0.18527056276798248,-0.3107771873474121,-3.5948103867026298,-4.578952835456337,123,422
179,60,-0.13185985386371613,1.0296229124069214,0.18777355551719666,-0.2719300389289856,-7.297925936079621,10.25357025814618,232,491
179,61,-0.09889489412307739,1.0337090492248535,0.1855657547712326,-0.23308289051055908,-5.464852137196625,10.131730730330178,227,503
179,62,-0.09889489412307739,1.0395913124084473,0.1491277664899826,-0.19423574209213257,-5.434116279440202,8.127104958650095,231,507
179,63,-0.13185985386371613,1.036907434463501,0.14214563369750977,-0.15538859367370605,-7.247203259623936,7.7442025614025525,197,512
179,64,0.0,1.0428813695907593,0.15864326059818268,-0.11654144525527954,0.0,8.649530574445873,223,517
179,65,0.03955795615911484,1.2449135780334473,0.22586145997047424,-0.07769429683685303,1.8199990860187478,10.278095603308401,213,545
179,66,0.07911591231822968,1.2454103231430054,0.21232445538043976,-0.038847148418426514,3.6348862574831076,9.65598487642281,215,577
180,0,0.03955795615911484,1.2514722347259521,0.18611876666545868,0.0,1.810467285104081,8.45485750272953,312,513
180,1,0.07911591231822968,1.249834418296814,0.18450619280338287,0.038847148418426514,3.6220539997859813,8.381073004509705,281,484
180,2,0.0,2.320371389389038,-0.04099743813276291,0.038847148418426514,0.0,-1.0122240792635888,83,454
180,3,-0.03955795615911484,1.2596358060836792,0.11891482770442963,0.07769429683685303,-1.7987415641425755,5.390333646675442,215,491
180,4,-0.07911591231822968,1.2603474855422974,0.08747977018356323,0.11654144525527954,-3.5919204149699153,3.962714103231979,246,461
180,5,0.0,1.2640626430511475,0.06733100116252899,0.15538859367370605,0.0,3.04901023893587,242,420
180,6,0.0,1.2619667053222656,0.09913527965545654,0.19423574209213257,0.0,4.491712985186268,181,426
180,7,-0.11867386847734451,1.2503600120544434,-0.15781034529209137,0.23308289051055908,-5.4218018629776354,-7.161528409646862,143,431
180,8,-0.07911591231822968,1.2625963687896729,-0.044484611600637436,0.2719300389289856,-3.5855393432780556,-2.0139006912197965,181,424
180,9,-0.07911591231822968,1.262298345565796,0.05226229876279831,0.3107771873474121,-3.586383664569137,2.3661963734317206,139,432
180,10,0.0,1.2658545970916748,0.0,0.3496243357658386,0.0,0.0,110,410
180,11,-0.07911591231822968,1.2633647918701172,-0.006166145671159029,0.38847148418426514,-3.5833641757521826,-0.279096439515511,166,420
180,12,-0.11867386847734451,1.258985161781311,-0.05710243433713913,0.42731863260269165,-5.3848768652263885,-2.5854779595854485,204,418
180,13,-0.11867386847734451,1.2598893642425537,-0.03135548532009125,0.46616578102111816,-5.381034918189179,-1.4193737130031676,195,404
180,14,-0.07911591231822968,1.2630562782287598,-0.028587576001882553,0.5050129294395447,-3.5842371654809075,-1.2940560331962514,135,412
180,15,-0.07911591231822968,1.253431797027588,0.15823182463645935,0.5438600778579712,-3.6116861746512954,7.180755684403435,119,416
180,16,-0.03955795615911484,1.2606438398361206,0.10770349204540253,0.5827072262763977,-1.7973042013853568,4.8808335382402,128,407
180,17,0.03955795615911484,1.2552498579025269,0.15865328907966614,0.6215543746948242,1.805022367497728,7.199983451185253,111,402
180,18,0.0,1.2620000839233398,0.09871024638414383,0.6604015231132507,0.0,4.472415673034881,105,403
180,19,-0.11867386847734451,1.2554653882980347,0.11004991829395294,0.6604015231132507,-5.3998845808609675,4.98743370245021,105,403
180,20,0.0,1.25199294090271,0.1868194043636322,0.6992486715316772,0.0,8.486919825176399,86,397
180,21,0.15823182463645935,1.1740264892578125,0.4461079239845276,0.6992486715316772,7.675901849053837,20.635185055717336,86,397
180,22,-0.23075474798679352,1.3837591409683228,-0.46150949597358704,-2.1754403114318848,-9.467487897265753,-18.209956295268043,81,404
180,23,-0.18460379540920258,1.4179686307907104,-0.36920759081840515,-1.9812045097351074,-7.4175559409780805,-14.477512465591982,118,411
180,24,-0.3230566382408142,1.3241957426071167,-0.5684785842895508,-1.8646631240844727,-13.710312494324503,-22.639490555779382,110,408
180,25,-0.27690568566322327,1.3664106130599976,-0.4871070384979248,-1.8258159160614014,-11.45595557389585,-19.258624888477407,113,407
180,26,-0.03955795615911484,0.5381743907928467,0.3307574391365051,-1.7869688272476196,-4.203907336334118,31.50571469022952,70,416
180,27,-0.3164636492729187,0.44754719734191895,-0.3164636492729187,-1.7869688272476196,-35.26438896613542,-29.999999570766313,70,416
180,28,0.0,0.5481311082839966,0.3164636492729187,-1.748121738433838,0.0,30.000000532410255,65,411
180,29,0.0,1.4768303632736206,0.0,-1.748121738433838,0.0,0.0,72,396
180,30,0.0,0.8394654989242554,0.08642949908971786,-1.4761916399002075,0.0,5.8783336065392815,65,409
180,31,-0.07911591231822968,0.5870132446289062,0.2230539619922638,-1.4373445510864258,-7.675901849053837,20.635185055717336,93,411
180,32,-0.01977897807955742,0.6054213047027588,0.18349599838256836,-1.4373445510864258,-1.8711747321740895,16.85295100695871,93,411
180,33,-0.1054878830909729,0.782684326171875,0.29740527272224426,-1.3984973430633545,-7.675901849053837,20.635184424524496,66,410
180,34,-0.1054878830909729,0.8102678060531616,-0.2109757661819458,-1.3596501350402832,-7.417555786814828,-14.477512178954797,70,407
180,35,-0.05274394154548645,0.842037558555603,-0.019058384001255035,-1.3208030462265015,-3.584236996778804,-1.2940559723880567,62,415
180,36,0.4219515323638916,0.596729576587677,-0.4219515323638916,-1.3208030462265015,35.26438986542105,-30.00000012146404,62,415
180,37,-0.1054878830909729,0.7993732690811157,0.24909253418445587,-1.2431087493896484,-7.517499956674252,17.16756549165568,110,416
180,38,-0.05274394154548645,0.8200964331626892,0.19191737473011017,-1.1654144525527954,-3.679870763496499,13.14501064334982,109,405
180,39,-0.23075474798679352,1.3837591409683228,-0.46150949597358704,-1.1265673637390137,-9.467487897265753,-18.209956295268043,152,379
180,40,-0.13185985386371613,1.0128347873687744,-0.26371970772743225,-1.0100258588790894,-7.4175555709862815,-14.477511777662764,106,410
180,41,-0.09889489412307739,1.0072875022888184,0.29725584387779236,-0.9711787104606628,-5.6072953873591755,16.36715367260293,149,413
180,42,-0.15823182463645935,1.2374622821807861,0.2145640254020691,-0.9323315620422363,-7.286754953611493,9.758825830074905,170,412
180,43,-0.19778978824615479,1.249934434890747,-0.030512530356645584,-0.8934844136238098,-8.991933834188732,-1.381208023413287,149,414
180,44,-0.26371970772743225,1.018064260482788,-0.08225853741168976,-0.8546372652053833,-14.522701080623994,-4.472415610144468,74,423
180,45,-0.19778978824615479,1.0277458429336548,-0.13185985386371613,-0.8546372652053833,-10.893395121427442,-7.180755818331867,74,423
180,46,-0.15823182463645935,1.2509100437164307,0.11213640123605728,-0.8157901167869568,-7.209248140403976,5.082239000193491,99,424
180,47,-0.23075474798679352,1.3837591409683228,-0.46150949597358704,-0.7769429683685303,-9.467487897265753,-18.209956295268043,131,412
180,48,-0.18460379540920258,1.2796822786331177,0.7136964201927185,-0.6992486715316772,-8.208718041168995,28.898685212386717,165,415
180,49,-0.13845284283161163,1.4026061296463013,0.4410836696624756,-0.6604015231132507,-5.63746847358876,17.377686644000775,163,424
180,50,-0.18460379540920258,1.2169684171676636,0.8160498142242432,-0.5827072262763977,-8.625526624320967,33.54339553386956,142,403
180,51,-0.07911591231822968,1.2504056692123413,-0.1805940717458725,-0.5438600778579712,-3.6204036575829597,-8.202130077601442,125,429
180,52,0.03955795615911484,1.2586201429367065,0.12922276556491852,-0.5438600778579712,1.8001921319969774,5.859155408473377,125,429
180,53,0.11867386847734451,1.216568946838379,-0.32903552055358887,-0.5050129294395447,5.571461410963681,-15.065999347529639,100,436
180,54,-0.07911591231822968,1.260926604270935,-0.0786944329738617,-0.46616578102111816,-3.5902750327451067,-3.564207109003195,137,429
180,55,-0.15823182463645935,1.2558969259262085,-0.00857177097350359,-0.42731863260269165,-7.180921264920422,-0.3879829901502504,93,444
180,56,-0.27690568566322327,1.1794185638427734,-0.3669919967651367,-0.38847148418426514,-13.212687890947791,-16.852949648449204,101,448
180,57,-0.03955795615911484,1.263542652130127,0.06544500589370728,-0.3496243357658386,-1.7931835315316837,2.96352759614591,123,466
180,58,-0.11867386847734451,1.2577937841415405,0.07911591231822968,-0.3107771873474121,-5.389947376245126,3.5833215266937097,91,487
180,59,-0.2175687700510025,2.3020596504211426,-0.19745640456676483,-0.3107771873474121,-5.399014844824795,-4.880833366211331,70,442
180,60,0.03955795615911484,1.2427747249603271,-0.23734773695468903,-0.2719300389289856,1.8231292477441545,-10.806923105092414,94,461
180,61,0.0,2.3207335472106934,0.0,-0.2719300389289856,0.0,0.0,64,427
180,62,0.0,1.264280915260315,0.06310022622346878,-0.23308289051055908,0.0,2.857259896908221,194,468
180,63,-0.03955795615911484,1.264579176902771,0.04077517241239548,-0.19423574209213257,-1.791714689408136,1.845906659034162,220,461
180,64,0.0,1.2645196914672852,0.058119628578424454,-0.15538859367370605,0.0,2.6315663953775825,171,519
180,65,0.0,2.3036482334136963,0.2810847759246826,-0.15538859367370605,0.0,6.956684135010842,77,493
180,66,0.07911591231822968,1.2554714679718018,0.14113809168338776,-0.11654144525527954,3.60583403061391,6.401577276289884,202,566
180,67,0.0,2.312735080718994,0.1925102323293686,-0.11654144525527954,0.0,4.758285762148259,120,516
180,68,0.03955795615911484,1.2540725469589233,0.16770532727241516,-0.07769429683685303,1.806715782154579,7.613149865846879,315,558
180,69,-0.07252292335033417,2.3145956993103027,0.15228548645973206,-0.07769429683685303,-1.7946539977564167,3.7624267580996453,137,495
180,70,0.03955795615911484,1.251747488975525,0.18425892293453217,-0.038847148418426514,1.8100694354774873,8.369760234355084,319,559
181,0,0.07911591231822968,1.2613621950149536,0.07137269526720047,0.0,3.589038431460147,3.2322226342436924,213,498
181,1,0.0,2.104599714279175,-0.14743614196777344,0.0,0.0,-4.007265732816438,141,456
181,2,0.0,1.263924479484558,0.06987791508436203,0.038847148418426514,0.0,3.1644595170024377,141,528
181,3,-0.06592992693185806,1.0502746105194092,0.07311595231294632,0.07769429683685303,-3.591971446565875,3.974481940666315,151,504
181,4,-0.1054878830909729,0.8294941186904907,0.11394824832677841,0.11654144525527954,-7.2474783884469725,7.760081729946866,156,443
181,5,-0.13845284283161163,0.617594301700592,-0.002245689509436488,0.15538859367370605,-12.635705788073707,-0.20329159945745545,82,439
181,6,0.0,1.47532320022583,0.06670434027910233,0.15538859367370605,0.0,2.5887724647650656,79,441
181,7,0.15823182463645935,1.1853190660476685,0.41517388820648193,0.19423574209213257,7.603632882006586,19.146162093929952,137,426
181,8,-0.06592992693185806,0.9945889711380005,0.34527578949928284,0.23308289051055908,-3.7925094660540006,19.105779946856416,180,419
181,9,-0.06592992693185806,1.005902647972107,0.31077730655670166,0.2719300389289856,-3.7499764177642354,17.1341211156136,161,417
181,10,0.0,0.9872012734413147,0.37175658345222473,0.3107771873474121,0.0,20.635183760603045,77,401
181,11,0.03955795615911484,1.181455135345459,0.4527547061443329,0.3496243357658386,1.917683936808587,20.957001317978545,87,399
181,12,0.0,1.25199294090271,0.1868194043636322,0.38847148418426514,0.0,8.486919825176399,72,394
181,13,0.0,1.25199294090271,-0.1868194043636322,-0.7769429683685303,0.0,-8.486919825176399,74,400
181,14,0.07911591231822968,1.2593315839767456,-0.10105667263269424,-0.7769429683685303,3.594810418510692,-4.578953201633222,74,400
181,15,0.0,1.25199294090271,-0.1868194043636322,-0.7380958199501038,0.0,-8.486919825176399,103,391
181,16,-0.11867386847734451,1.2473341226577759,-0.18017257750034332,-0.7380958199501038,-5.434875871856539,-8.182855035207274,103,391
181,17,0.0,1.2658545970916748,0.0,-0.6992486715316772,0.0,0.0,107,398
181,18,0.046150948852300644,1.455877661705017,0.2435535192489624,-0.6604015231132507,1.8156535277198886,9.49237677746524,65,407
181,19,-0.13845284283161163,1.467426061630249,0.09230189770460129,-0.6604015231132507,-5.389947304621666,3.5833215755052126,65,407
181,20,0.0,1.4299348592758179,0.36920759081840515,-0.6215543746948242,0.0,14.477512117675756,65,416
181,21,0.0,1.264280915260315,-0.06310022622346878,-0.5438600778579712,0.0,-2.857259896908221,163,410
181,22,0.0,1.264466643333435,-0.059262875467538834,-0.5050129294395447,0.0,-2.6833683171917966,208,405
181,23,-0.03955795615911484,1.2652167081832886,-0.007052591070532799,-0.46616578102111816,-1.7908124485686363,-0.3192197518432977,199,428
181,24,0.0,1.2651729583740234,0.041535086929798126,-0.42731863260269165,0.0,1.8803205996025856,177,446
181,25,-0.03955795615911484,1.264922857284546,0.02816610038280487,-0.38847148418426514,-1.7912281965101213,1.2749740828095375,135,446
181,26,-0.18460379540920258,0.816158652305603,0.1094483956694603,-0.3496243357658386,-12.745054484555917,7.451857106918265,106,436
181,27,-0.13185985386371613,1.0443470478057861,0.06871429085731506,-0.3107771873474121,-7.196119488687349,3.734863355497722,163,424
181,28,-0.09889489412307739,1.0488914251327515,0.053066667169332504,-0.2719300389289856,-5.3862187050162875,2.8835347380819023,147,451
181,29,0.0,2.50398588180542,-0.3736388087272644,-0.2719300389289856,0.0,-8.486919825176399,94,407
181,30,-0.13845284283161163,0.617255449295044,-0.020579732954502106,-0.23308289051055908,-12.64241945582572,-1.863309824988217,79,487
181,31,0.07911591231822968,1.2588214874267578,-0.10722354799509048,-0.23308289051055908,3.596263276665779,-4.859031366711653,138,456
181,32,-0.26371970772743225,2.0820281505584717,-0.21607375144958496,-0.23308289051055908,-7.218916340219983,-5.87833385316893,90,424
181,33,0.0,1.0526484251022339,-0.0685608983039856,-0.19423574209213257,0.0,-3.7265143550137374,131,491
181,34,-0.26371970772743225,2.0615084171295166,-0.362922340631485,-0.19423574209213257,-7.290002366972963,-9.905337029521714,63,463
181,35,0.0,1.2639174461364746,-0.07000310719013214,-0.15538859367370605,0.0,-3.1701349615939134,165,508
181,36,0.09889489412307739,1.0364599227905273,0.16952849924564362,-0.11654144525527954,5.450435305029389,9.248050525846304,211,536
181,37,0.29009169340133667,2.2703697681427,0.38349971175193787,-0.11654144525527954,7.281392936765368,9.511720151757663,82,507
181,38,0.07911591231822968,1.2350338697433472,0.266120046377182,-0.07769429683685303,3.6653427780858596,12.135804978455011,219,544
181,39,0.06592992693185806,2.1076111793518066,-0.06859911233186722,-0.07769429683685303,1.7917323451399656,-1.863309966611864,100,510
181,40,0.07911591231822968,1.2580986022949219,0.11539746075868607,-0.038847148418426514,3.5983242096184616,5.230442311524161,202,554
181,41,0.06592992693185806,2.1062252521514893,-0.10269244015216827,-0.038847148418426514,1.79291056214121,-2.7899741506423954,139,512
182,0,0.06592992693185806,1.0512489080429077,0.057431504130363464,0.0,3.5886511110228865,3.120937127854369,225,552
182,1,0.0,1.2648605108261108,0.050157830119132996,0.038847148418426514,0.0,2.270864653769462,106,591
182,2,-0.03955795615911484,1.2629343271255493,0.0762890949845314,0.07769429683685303,-1.7940467004746838,3.455130921072615,112,572
182,3,-0.11867386847734451,1.256625771522522,0.09589512646198273,0.11654144525527954,-5.394927696634089,4.344618409825301,120,496
182,4,-0.13845284283161163,0.6149755120277405,-0.05685849115252495,0.15538859367370605,-12.687774856082854,-5.154066468550492,125,469
182,5,-0.13845284283161163,0.6104612946510315,-0.0936204344034195,0.19423574209213257,-12.778528236583785,-8.506207913554483,141,444
182,6,-0.07911591231822968,0.8381107449531555,-0.059020426124334335,0.23308289051055908,-5.392622561043401,-4.010394478675377,130,408
182,7,-0.03955795615911484,1.2627604007720947,-0.07911591231822968,-0.3496243357658386,-1.794293642052232,-3.583321558972172,71,414
182,8,-0.07911591231822968,1.2630562782287598,0.028587576001882553,-0.3107771873474121,-3.5842371654809075,1.2940560331962514,76,417
182,9,0.03955795615911484,1.2606438398361206,-0.10770349204540253,-0.3107771873474121,1.7973042013853568,-4.8808335382402,76,417
182,10,0.0,1.2256584167480469,0.3164636492729187,-0.2719300389289856,0.0,14.477512503083895,79,427
182,11,-0.07911591231822968,1.236975908279419,-0.2569420635700226,-0.23308289051055908,-3.659603880844631,-11.711224385551665,103,446
182,12,0.3164636492729187,2.498433828353882,0.259288489818573,-0.23308289051055908,7.218916203897228,5.8783334751560465,77,409
182,13,0.16482481360435486,0.9801757335662842,0.3533520996570587,-0.19423574209213257,9.545463807803749,19.5706750892462,89,484
182,14,0.0,2.434504270553589,-0.6947953104972839,-0.19423574209213257,0.0,-15.928480648538349,82,432
182,15,0.0,2.50398588180542,-0.3736388087272644,-0.15538859367370605,0.0,-8.486919825176399,81,443
182,16,0.47469547390937805,2.449207067489624,-0.4308139681816101,-0.15538859367370605,10.968840384089905,-9.797542723658564,81,443
182,17,0.03955795615911484,1.2590711116790771,0.12475113570690155,-0.11654144525527954,1.7995477708568854,5.655732358502582,239,522
182,18,0.06592992693185806,1.050430178642273,0.07084525376558304,-0.038847148418426514,3.5914408700452145,3.8508608746730464,284,549
183,0,-0.026371970772743225,0.841282308101654,-0.06099996343255043,0.0,-1.7954828829788654,-4.145133791719889,148,535
183,1,0.3164636492729187,1.161853313446045,0.3903019428253174,0.0,15.236507521918922,17.958664052020637,148,518
183,2,-0.18460379540920258,0.7331521511077881,-0.374942421913147,0.038847148418426514,-14.13298028335301,-26.378279055521173,137,509
183,3,0.13185985386371613,0.7729302048683167,0.31203246116638184,0.038847148418426514,9.681306997524784,21.700149108726134,137,509
183,4,-0.13185985386371613,0.8180289268493652,-0.1600438505411148,0.07769429683685303,-9.156865560915492,-10.932195756042715,191,453
183,5,-0.07911591231822968,0.8342747688293457,-0.0994923859834671,0.11654144525527954,-5.417270541692446,-6.7706619281962865,172,416
183,6,0.16482481360435486,0.9386417269706726,0.4522763788700104,-0.19423574209213257,9.959558167845417,25.38808156267081,158,408
183,7,-0.19778978824615479,0.8883967995643616,-0.5332914590835571,-0.19423574209213257,-12.551439490572236,-30.367708314834857,158,408
183,8,0.13185985386371613,0.9696769118309021,0.3938387632369995,-0.15538859367370605,7.743770362415779,21.92235534442951,246,451
183,9,0.13185985386371613,0.979972243309021,0.36747339367866516,-0.11654144525527954,7.663388160683714,20.386795375651825,280,484
183,10,0.13185985386371613,0.9954208135604858,0.32329514622688293,-0.07769429683685303,7.5458362385450215,17.846991304902097,243,530
183,11,0.01977897807955742,0.6325130462646484,-0.011532279662787914,-0.038847148418426514,1.7910821145972424,-1.0440180557329712,94,606
183,12,0.23734773695468903,1.1773487329483032,0.3998798429965973,-0.038847148418426514,11.397782937423715,18.414981552142308,163,572
184,0,0.15823182463645935,1.2449979782104492,0.16532033681869507,0.0,7.2431196459026035,7.504252366517042,226,532
184,1,-0.03296496346592903,1.0531736612319946,-0.050078172236680984,0.038847148418426514,-1.7928067244132595,-2.7210204238667934,109,520
184,2,-0.03296496346592903,1.0543490648269653,-0.005539013538509607,0.07769429683685303,-1.7908093796664373,-0.3008530950097102,86,443
184,3,0.16482481360435486,0.9607983827590942,0.4030739367008209,-0.15538859367370605,9.734328517896039,22.464100619584137,79,421
184,4,0.19778978824615479,0.9689760804176331,0.36706113815307617,-0.11654144525527954,11.536866750624444,20.36290916845122,159,483
184,5,0.19778978824615479,1.2385728359222412,0.17089329659938812,-0.07769429683685303,9.073052123945674,7.758753246909684,204,571
184,6,0.15823182463645935,1.2456533908843994,0.1603066325187683,-0.038847148418426514,7.2393490497820006,7.27541904490584,213,595
185,0,0.11867386847734451,1.2602647542953491,0.0060938079841434956,0.0,5.379441494932873,0.27582222095375414,244,498
185,1,0.0,1.2657703161239624,0.014603402465581894,0.038847148418426514,0.0,0.6610016028658873,200,494
185,2,0.0,1.2655068635940552,0.029670896008610725,0.07769429683685303,0.0,1.3431027240437545,157,427
185,3,-0.03955795615911484,1.264227032661438,0.05052833631634712,0.11654144525527954,-1.7922134373166982,2.2876479680286574,113,395
185,4,0.0,1.25199294090271,0.1868194043636322,0.15538859367370605,0.0,8.486919825176399,65,406
185,5,0.0,1.25199294090271,0.1868194043636322,-0.19423574209213257,0.0,8.486919825176399,62,406
185,6,0.03955795615911484,1.2606438398361206,-0.10770349204540253,-0.15538859367370605,1.7973042013853568,-4.8808335382402,104,400
185,7,-0.11867386847734451,1.2592661380767822,-0.05052833631634712,-0.15538859367370605,-5.383682414154553,-2.2876480597619353,104,400
185,8,0.03955795615911484,1.2646558284759521,-0.038321949541568756,-0.11654144525527954,1.7916061632482576,-1.7348134360856793,158,430
185,9,0.15823182463645935,1.2553972005844116,-0.036449357867240906,-0.07769429683685303,7.183749856519726,-1.6500180846811665,207,524
185,10,0.06592992693185806,1.052140235900879,0.037728939205408096,-0.038847148418426514,3.5856188951712245,2.0496858136050524,225,566
186,0,-0.07911591231822968,1.233182668685913,0.2745707631111145,0.0,-3.67083000061149,12.527339771936344,177,498
186,1,0.3164636492729187,1.2174948453903198,-0.14122702181339264,0.0,14.570468840706463,-6.40562751691143,177,498
186,2,-0.11867386847734451,1.251694679260254,0.14684924483299255,0.038847148418426514,-5.416055055357554,6.6617678765520925,206,487
186,3,0.35602161288261414,1.1966105699539185,-0.2091882824897766,0.038847148418426514,16.569059913530175,-9.512024082860226,206,487
186,4,-0.11867386847734451,1.2428691387176514,0.20876015722751617,0.07769429683685303,-5.454283026452994,9.4923764606576,162,424
186,5,0.35602161288261414,1.1866706609725952,-0.2597099840641022,0.07769429683685303,16.700148536464656,-11.839200751494975,162,424
186,6,-0.15823182463645935,1.2333760261535645,0.23692627251148224,0.11654144525527954,-7.310635706298603,10.787502768871704,103,404
186,7,0.35602161288261414,1.2068207263946533,-0.1386374980211258,0.11654144525527954,16.43647410081328,-6.287696340254138,103,404
186,8,0.0,1.0962622165679932,0.6329272985458374,0.15538859367370605,0.0,30.000000532410255,64,400
186,9,-0.07911591231822968,1.2593315839767456,0.10105667263269424,-0.15538859367370605,-3.594810418510692,4.578953201633222,97,399
186,10,0.35602161288261414,0.9841904640197754,0.7120432257652283,-0.15538859367370605,19.887112536207475,34.22886775815807,97,399
186,11,-0.11867386847734451,1.2513811588287354,0.14949728548526764,-0.11654144525527954,-5.417403919295194,6.782454631225679,150,403
186,12,0.3164636492729187,1.2187825441360474,-0.1296442449092865,-0.11654144525527954,14.555728666538869,-5.878333618347552,150,403
186,13,-0.07911591231822968,1.2327196598052979,0.2766417860984802,-0.07769429683685303,-3.6722049905295693,12.62338420622302,173,495
186,14,0.3164636492729187,1.2115943431854248,-0.18514284491539001,-0.07769429683685303,14.638386582679152,-8.410201565322168,173,495
186,15,-0.07911591231822968,1.2427517175674438,0.2273695319890976,-0.038847148418426514,-3.6426414167997496,10.34747553135452,190,558
186,16,0.3164636492729187,1.2111445665359497,-0.18806248903274536,-0.038847148418426514,14.643589150729959,-8.543811916796658,190,558
187,0,0.0,1.0351574420928955,0.20302318036556244,0.0,0.0,11.096448412205364,228,435
187,1,0.0,0.989737868309021,0.3649498224258423,0.038847148418426514,0.0,20.240636284757056,217,465
187,2,0.0,0.9792444705963135,0.3922366797924042,0.07769429683685303,0.0,21.82858594434022,165,420
187,3,0.0,1.0213819742202759,0.26371970772743225,0.11654144525527954,0.0,14.477513042655318,92,403
187,4,0.0,0.9872012734413147,0.37175658345222473,-0.11654144525527954,0.0,20.635183760603045,126,408
187,5,0.0,1.032405138015747,0.21658483147621155,-0.07769429683685303,0.0,11.848071746535267,240,425
187,6,0.03296496346592903,1.0149425268173218,0.2856122553348541,-0.038847148418426514,1.860292071029037,15.709115931692983,250,488
188,0,0.05274394154548645,0.8040905594825745,0.2506568431854248,0.0,3.752913357421359,17.27875844646099,148,411
188,1,0.03955795615911484,1.2649668455123901,0.02611539326608181,0.038847148418426514,1.791165948533114,1.1821325565058973,209,455
188,2,0.0,1.0545638799667358,-0.02577834017574787,0.07769429683685303,0.0,-1.4002907222063694,149,424
188,3,0.0,1.054878830909729,0.0,0.11654144525527954,0.0,0.0,82,407
188,4,0.16482481360435486,1.0380494594573975,-0.08975290507078171,0.11654144525527954,9.02228669916624,-4.880832823016542,82,407
188,5,0.03955795615911484,1.2444154024124146,-0.22858968377113342,-0.07769429683685303,1.8207271941964442,-10.40362171267035,157,400
188,6,0.11867386847734451,1.2560806274414062,-0.10279063135385513,-0.07769429683685303,5.3972552933983575,-4.657692031723667,157,400
188,7,0.07911591231822968,1.2618228197097778,-0.06270316988229752,-0.038847148418426514,3.587731686276396,-2.839265918480942,194,457
189,0,0.07911591231822968,0.8244841694831848,0.16167551279067993,0.0,5.481210151433086,11.045044082854561,225,408
189,1,0.09889489412307739,1.0336906909942627,0.18566839396953583,0.038847148418426514,5.464948604786086,10.137393256441385,253,476
189,2,0.06592992693185806,2.071291208267212,-0.39557957649230957,0.038847148418426514,1.8231292477441545,-10.806923502593822,75,441
189,3,0.13185985386371613,1.0251524448394775,0.2108190655708313,0.07769429683685303,7.3294052935971115,11.528273069047096,230,411
189,4,0.09889489412307739,1.0385771989822388,0.15603405237197876,0.11654144525527954,5.439390585809351,8.506207374603605,145,399
189,5,0.13185985386371613,1.0451350212097168,0.0554533526301384,-0.11654144525527954,7.190750829008647,3.013339741765685,120,405
189,6,0.09889489412307739,1.0323113203048706,0.19319036602973938,-0.07769429683685303,5.472206553447639,10.55270158086611,179,417
189,7,0.09889489412307739,1.0376942157745361,0.16180174052715302,-0.038847148418426514,5.443991216618632,8.823097132326756,239,461
190,0,0.09889489412307739,1.0094836950302124,0.2897099554538727,0.0,5.595173869331017,15.940450294012734,213,405
190,1,0.13185985386371613,1.0195330381393433,0.23650504648685455,0.038847148418426514,7.369360244226054,12.955907791281595,269,462
190,2,0.13185985386371613,1.0172045230865479,0.2463279366493225,0.07769429683685303,7.386043618297265,13.503985301563562,222,421
190,3,0.13185985386371613,1.0278133153915405,0.1974385529756546,0.11654144525527954,7.3106359858784185,10.787502772020702,131,412
190,4,0.06592992693185806,1.04452645778656,0.13185985386371613,0.15538859367370605,3.6116863116852995,7.180755953653309,80,401
190,5,0.13185985386371613,1.0217883586883545,0.22656340897083282,-0.11654144525527954,7.353272595522271,12.40242738033504,121,404
190,6,0.16482481360435486,1.0312315225601196,0.1488751322031021,-0.07769429683685303,9.08094635278479,8.113243821321355,201,408
190,7,0.16482481360435486,1.024044394493103,0.19218549132347107,-0.038847148418426514,9.143606896519625,10.49718766547086,245,463
191,0,0.19778978824615479,1.2410838603973389,0.15158499777317047,0.0,9.054999500248334,6.877624683372208,183,402
191,1,0.23734773695468903,1.2321205139160156,0.16713209450244904,0.038847148418426514,10.903529881700297,7.586973517199801,228,472
191,2,0.19778978824615479,1.2389956712722778,0.16779987514019012,0.07769429683685303,9.070007218161365,7.617467397273155,190,421
191,3,0.19778978824615479,1.2327555418014526,0.20876015722751617,0.11654144525527954,9.115150146363897,9.492376929565102,106,406
191,4,0.35602161288261414,1.2016714811325073,0.1778261512517929,0.11654144525527954,16.50308165828968,8.075572285126748,106,406
191,5,0.19778978824615479,1.241684913635254,0.14657987654209137,-0.07769429683685303,9.05068888262776,6.649492595633109,173,405
191,6,0.19778978824615479,1.2428685426712036,0.1361791044473648,-0.038847148418426514,9.042212051365379,6.1757622763357976,229,449
192,0,0.13185985386371613,1.0430917739868164,0.08568472415208817,0.0,7.20468847256564,4.659101662140144,196,390
192,1,0.19778978824615479,1.0299842357635498,0.11305391043424606,0.038847148418426514,10.870285868014077,6.152342648448897,233,461
192,2,0.16482481360435486,1.0305629968643188,0.15343457460403442,0.07769429683685303,9.086738908166604,8.363472497979846,197,410
192,3,0.16482481360435486,1.0398343801498413,0.06592992693185806,0.11654144525527954,9.007053661022887,3.583321437062192,101,402
192,4,0.23075474798679352,1.0284690856933594,0.04210694506764412,-0.11654144525527954,12.645870122863727,2.287647856888002,75,409
192,5,-0.23075474798679352,0.9200709462165833,-0.46150949597358704,-0.11654144525527954,-14.079431641013068,-25.94448066836911,75,409
192,6,0.19778978824615479,1.0286370515823364,0.12471671402454376,-0.07769429683685303,10.884182628558964,6.789874097075514,153,417
192,7,-0.16482481360435486,0.7931765913963318,-0.6756278872489929,-0.07769429683685303,-11.739187404628899,-39.82755675460012,153,417
192,8,0.19778978824615479,1.028954029083252,0.12207441031932831,-0.038847148418426514,10.880909717777511,6.645364803928734,222,448
193,0,0.05274394154548645,0.8302148580551147,0.14189369976520538,0.0,3.6351425309459393,9.679680684221797,165,390
193,1,-0.11867386847734451,1.259863018989563,0.032398324459791183,0.038847148418426514,-5.381146781587696,1.466590177277165,177,465
193,2,0.3164636492729187,1.225070834159851,0.037949565798044205,0.038847148418426514,14.484164361316616,1.717950649113205,177,465
193,3,-0.11867386847734451,1.260177731513977,0.016015686094760895,0.07769429683685303,-5.379810797931119,0.7249297773965254,139,414
193,4,0.3164636492729187,1.2254544496536255,-0.0223622377961874,0.07769429683685303,14.47982087991224,-1.0122240571079968,139,414
193,5,0.19778978824615479,1.0327422618865967,0.08421389013528824,-0.07769429683685303,10.841944772026615,4.578952912656132,120,407
193,6,-0.09889489412307739,0.8611212372779846,-0.6012149453163147,-0.038847148418426514,-6.551393605217838,-34.74586287870908,181,443
193,7,0.26371970772743225,1.0170869827270508,0.09357018023729324,-0.038847148418426514,14.536064506398008,5.088955756205243,181,443
194,0,0.0,1.021587610244751,0.26292213797569275,0.038847148418426514,0.0,14.432776318215401,198,438
194,1,0.03296496346592903,1.0266273021697998,0.2402479648590088,0.07769429683685303,1.839133388566992,13.164602271912004,129,409
194,2,0.0,1.0493319034576416,0.10803687572479248,-0.07769429683685303,0.0,5.87833354139408,118,418
194,3,0.0,1.0405809879302979,0.1730910837650299,-0.038847148418426514,0.0,9.444155613887805,195,438
195,0,0.0,1.054646611213684,0.022131484001874924,0.038847148418426514,0.0,1.2021605470962404,206,466
195,1,0.0,1.0542737245559692,0.035724420100450516,0.07769429683685303,0.0,1.9407442102960282,168,416
195,2,0.0,1.054652214050293,0.021867619827389717,-0.07769429683685303,0.0,1.1878255261140003,147,412
195,3,0.0,1.0548704862594604,0.0041929795406758785,-0.038847148418426514,0.0,0.22774242852167198,217,437
196,0,0.23075474798679352,1.0290467739105225,-0.02417421154677868,0.0,12.638999091345232,-1.3131380400123243,110,411
196,1,-0.09889489412307739,1.0206795930862427,0.24739110469818115,0.0,-5.534183166219516,13.563381340218095,110,411
196,2,-0.07911591231822968,1.2609944343566895,-0.07759851962327957,0.038847148418426514,-3.5900824135512157,-3.5145087505289947,195,481
196,3,0.35602161288261414,1.0229820013046265,0.6550910472869873,0.038847148418426514,19.18908944667827,31.165302943046004,195,481
196,4,-0.07911591231822968,1.258455753326416,-0.11143440753221512,0.07769429683685303,-3.5973056834773973,-5.050340339960458,148,432
196,5,0.35602161288261414,0.9841904640197754,0.7120432257652283,0.07769429683685303,19.887112536207475,34.22886775815807,148,432
196,6,-0.11867386847734451,1.2602794170379639,-0.0004214766377117485,0.11654144525527954,-5.379379274883634,-0.019077098536885228,96,403
196,7,0.3164636492729187,1.0495911836624146,0.6329272985458374,0.11654144525527954,16.778654911636753,30.000000050801344,96,403
196,8,0.0,1.0433274507522583,-0.15568283200263977,-0.11654144525527954,0.0,-8.486919558344967,89,402
196,9,0.0,1.2651687860488892,-0.04166477546095848,-0.07769429683685303,0.0,-1.8861936659331282,170,413
196,10,0.0,1.0534718036651611,-0.0544661246240139,-0.038847148418426514,0.0,-2.9596453686650985,223,451
197,0,0.0,1.262784481048584,-0.08810915797948837,0.0,0.0,-3.9912704923949645,196,403
197,1,0.0,1.2601377964019775,-0.12016896158456802,0.038847148418426514,0.0,-5.447353891236762,230,477
197,2,0.0,2.701800584793091,0.47179901599884033,0.038847148418426514,0.0,9.905336819689268,86,423
197,3,0.0,1.2629414796829224,-0.08582932502031326,0.07769429683685303,0.0,-3.8878350843673304,199,420
197,4,0.0,1.2363135814666748,-0.27187609672546387,0.11654144525527954,0.0,-12.402428141320593,125,394
197,5,0.0,1.2256584167480469,-0.3164636492729187,-0.11654144525527954,0.0,-14.477512503083895,86,405
197,6,0.0,1.25199294090271,-0.1868194043636322,-0.07769429683685303,0.0,-8.486919825176399,174,408
197,7,0.0,1.2565644979476929,-0.1530807912349701,-0.038847148418426514,0.0,-6.945823469070201,234,448
197,8,0.08570890128612518,2.703772783279419,0.4523136615753174,-0.038847148418426514,1.8156534602846937,9.492376485623188,85,403
197,9,-0.17141780257225037,2.5367519855499268,1.0285067558288574,-0.038847148418426514,-3.8658128492591786,22.024310428135394,85,403
198,0,0.03296496346592903,1.0376989841461182,0.18671809136867523,0.0,1.8195240998826072,10.195316493780737,277,422
198,1,0.03296496346592903,1.0429973602294922,0.15439966320991516,0.038847148418426514,1.8102871714470108,8.416458530067914,292,480
198,2,0.03296496346592903,1.0382071733474731,0.18387115001678467,0.07769429683685303,1.8186340642223866,10.038242942692012,268,425
198,3,0.0,1.0478489398956299,0.12158112227916718,0.11654144525527954,0.0,6.618391316344005,181,405
198,4,0.0,1.054878830909729,0.0,0.15538859367370605,0.0,0.0,108,403
198,5,0.0,1.054878830909729,0.0,-0.15538859367370605,0.0,0.0,90,397
198,6,0.0,1.054878830909729,0.0,-0.11654144525527954,0.0,0.0,151,389
198,7,0.0,1.054625391960144,0.023120518773794174,-0.07769429683685303,0.0,1.255892370065426,201,418
198,8,0.0,1.054406762123108,0.031554944813251495,-0.038847148418426514,0.0,1.714163617002156,276,446
199,0,0.0,1.0541526079177856,-0.039135683327913284,0.0,0.0,-2.1261439185787587,172,540
199,1,0.19778978824615479,0.9801639318466187,0.3360464870929718,0.0,11.408654200843669,18.576107539773197,172,540
199,2,0.13185985386371613,1.0235612392425537,0.2184142917394638,0.038847148418426514,7.340675242227439,11.94962051397209,220,560
199,3,0.13185985386371613,1.0086783170700073,0.2791958749294281,0.07769429683685303,7.447778705608951,15.347407053240486,241,542
199,4,0.13185985386371613,0.9829153418540955,0.3595271408557892,0.11654144525527954,7.640713505746255,19.927033553563156,222,495
199,5,0.0,1.263778567314148,-0.07246909290552139,0.23308289051055908,0.0,-3.281928593304178,91,423
199,6,0.0,1.2658545970916748,0.0,0.2719300389289856,0.0,0.0,93,413
199,7,-0.15823182463645935,0.8287169933319092,-0.019058384001255035,-0.3107771873474121,-10.809712956460244,-1.294055979678566,94,394
199,8,-0.13185985386371613,0.8243895173072815,-0.12315528094768524,-0.2719300389289856,-9.087398958191345,-8.391446798510273,162,397
199,9,-0.1054878830909729,0.8315558433532715,-0.0977730080485344,-0.23308289051055908,-7.229699655392871,-6.653121611495928,211,410
199,10,-0.1054878830909729,0.8303828239440918,-0.10728039592504501,-0.19423574209213257,-7.239804221828429,-7.303434852242732,223,436
199,11,-0.07911591231822968,0.6140267252922058,-0.13156291842460632,-0.15538859367370605,-7.341976158340125,-11.997217716574976,183,461
199,12,0.0,1.2609093189239502,0.11178387701511383,-0.15538859367370605,0.0,5.066219884619765,132,463
199,13,-0.09889489412307739,0.5961512327194214,-0.188203364610672,-0.11654144525527954,-9.41896045679814,-17.298737193337534,88,513
199,14,-0.03955795615911484,1.2636094093322754,0.06414345651865005,-0.11654144525527954,-1.7930888584729903,2.904538816308554,172,483
199,15,-0.03955795615911484,1.2649083137512207,0.02880922704935074,-0.07769429683685303,-1.7912487780934931,1.3040910562767116,186,524
199,16,-0.03955795615911484,1.2641658782958984,0.05203496664762497,-0.038847148418426514,-1.7923000795793282,2.3558979683575827,199,545
200,0,-0.03955795615911484,1.2583478689193726,0.13184711337089539,0.0,-1.8005813907570074,5.978576998247369,196,516
200,1,0.0,1.2647920846939087,0.05185377597808838,0.038847148418426514,0.0,2.3476899112282696,206,557
200,2,0.03955795615911484,1.2497526407241821,0.1973356008529663,0.07769429683685303,1.8129567317188655,8.968487061367753,213,522
200,3,0.0,1.2613904476165771,0.10621701180934906,0.11654144525527954,0.0,4.813309974273136,263,504
200,4,0.03296496346592903,0.9795297980308533,0.3901332914829254,0.15538859367370605,1.9274969604186827,21.705569580094256,174,517
200,5,0.0,1.2621837854385376,0.09633345156908035,0.19423574209213257,0.0,4.3645150734102325,198,468
200,6,-0.03296496346592903,1.0527335405349731,0.05860734358429909,0.23308289051055908,-1.793555761144016,3.18489968515758,115,479
200,7,-0.23734773695468903,2.4395804405212402,-0.633770227432251,0.23308289051055908,-5.556840271843353,-14.497215329305893,94,423
200,8,-0.11867386847734451,1.2586908340454102,0.06326055526733398,0.2719300389289856,-5.386128641108357,2.8645257349137667,115,465
200,9,-0.03955795615911484,1.2651547193527222,0.014368499629199505,0.3107771873474121,-1.7909001359308312,0.650368610551883,170,452
200,10,0.0,1.265834927558899,-0.007068292703479528,0.3496243357658386,0.0,-0.3199304450224332,161,452
200,11,-0.07911591231822968,1.2632849216461182,0.015488646924495697,0.38847148418426514,-3.583590140848608,0.7010727798536251,144,436
200,12,-0.14504584670066833,2.2979583740234375,-0.29009169340133667,0.38847148418426514,-3.61168623510563,-7.18075580318652,82,403
200,13,0.0,1.265276312828064,-0.038259271532297134,0.42731863260269165,0.0,-1.7319750901667466,129,425
200,14,0.0,1.2646970748901367,-0.0541226789355278,0.46616578102111816,0.0,-2.4504762077306506,142,410
200,15,0.0,1.2651729583740234,-0.041535086929798126,0.5050129294395447,0.0,-1.8803205996025856,131,415
200,16,0.0,1.2608779668807983,-0.11213640123605728,0.5438600778579712,0.0,-5.082239000881916,116,412
200,17,0.0,1.2633533477783203,-0.07953739166259766,0.5827072262763977,0.0,-3.6024364739007844,92,402
200,18,-0.07911591231822968,1.261976957321167,-0.05952158570289612,0.6992486715316772,-3.587294625805511,-2.6950911003714153,86,396
200,19,0.0,1.2613003253936768,-0.10728201270103455,0.7380958199501038,0.0,-4.861686892648574,95,411
200,20,0.0,1.25199294090271,-0.1868194043636322,0.8157901167869568,0.0,-8.486919825176399,84,397
200,21,-0.11867386847734451,1.2377279996871948,-0.23734773695468903,0.8157901167869568,-5.476800960936588,-10.806922288183708,84,397
200,22,-0.07911591231822968,1.2630562782287598,-0.028587576001882553,0.8546372652053833,-3.5842371654809075,-1.2940560331962514,129,393
200,23,-0.07911591231822968,1.2623519897460938,0.050949811935424805,0.8934844136238098,-3.5862316574304227,2.3067404913376603,135,402
200,24,0.0,1.264562726020813,-0.057175152003765106,0.9323315620422363,0.0,-2.5887726439612506,127,400
200,25,-0.03955795615911484,1.2627604007720947,-0.07911591231822968,0.9711787104606628,-1.794293642052232,-3.583321558972172,88,400
200,26,-0.07911591231822968,0.6077008843421936,-0.15823182463645935,-0.7769429683685303,-7.417555427100588,-14.477511510134752,112,411
200,27,-0.059336934238672256,0.6126909255981445,-0.14726144075393677,-0.7380958199501038,-5.5316410721225155,-13.45415356648457,157,409
200,28,-0.07911591231822968,0.6182074546813965,-0.1102597564458847,-0.6992486715316772,-7.292861170923896,-10.032457284740628,194,406
200,29,-0.07911591231822968,0.83221435546875,-0.11546587944030762,-0.6604015231132507,-5.430602646850456,-7.864084480909968,239,400
200,30,-0.1054878830909729,0.831754744052887,-0.09606651961803436,-0.6215543746948242,-7.22798907601364,-6.536489663904502,252,411
200,31,-0.15823182463645935,0.8245512843132019,-0.08514857292175293,-0.5827072262763977,-10.86302840923066,-5.790913666132249,242,412
200,32,-0.13185985386371613,0.8334364295005798,-0.013001366518437862,-0.5438600778579712,-8.990375483373818,-0.8827470307426224,193,421
200,33,-0.13185985386371613,0.8325853943824768,0.03983614593744278,-0.5050129294395447,-8.999414757226768,2.7056324869930197,145,416
200,34,-0.23734773695468903,1.2430754899978638,-0.028587576001882553,-0.46616578102111816,-10.809712956460244,-1.294055979678566,97,432
200,35,-0.11867386847734451,1.2577937841415405,0.07911591231822968,-0.42731863260269165,-5.389947376245126,3.5833215266937097,97,427
200,36,-0.05274394154548645,0.8334769010543823,-0.1212710365653038,-0.38847148418426514,-3.6209533177937225,-8.262155229227638,110,432
200,37,-0.06592992693185806,1.041893482208252,-0.15126341581344604,-0.3496243357658386,-3.6207891769312823,-8.244296754239057,132,446
200,38,0.06592992693185806,1.050531268119812,0.06933025270700455,-0.3107771873474121,3.59109618085157,3.7683912704995044,121,457
200,39,0.27690568566322327,0.9316492676734924,0.8110122084617615,-0.2719300389289856,16.55305246468698,39.84280767825039,134,443
200,40,-0.15823182463645935,1.2016973495483398,-0.3650670349597931,-0.19423574209213257,-7.501188884197603,-16.76193436575916,95,477
200,41,-0.19778978824615479,1.2502517700195312,0.01172893587499857,-0.15538859367370605,-8.989688805765676,0.5308888896610129,131,465
200,42,-0.11867386847734451,1.2578606605529785,0.07804414629936218,-0.11654144525527954,-5.3896624975952845,3.5347171700744977,207,503
200,43,-0.11867386847734451,1.2519911527633667,0.14430031180381775,-0.07769429683685303,-5.4147801486147085,6.54562581993152,224,532
200,44,-0.03296496346592903,1.0455950498580933,0.13569656014442444,-0.038847148418426514,-1.805792652420723,7.39084331781794,232,525
201,0,0.07911591231822968,1.2392102479934692,0.24594047665596008,0.0,3.6530233693264225,11.203138241777388,228,514
201,1,0.07911591231822968,1.230246901512146,0.28743892908096313,0.038847148418426514,3.679565751932154,13.124692978928422,218,575
201,2,0.07911591231822968,1.2440447807312012,0.22018428146839142,0.07769429683685303,3.638865424653154,10.017049031094173,241,552
201,3,-0.07911591231822968,1.2611171007156372,0.07557955384254456,0.11654144525527954,-3.5897341265068103,3.422957393642868,206,508
201,4,-0.07252292335033417,2.317584753036499,-0.09667493402957916,0.11654144525527954,-1.7923408931184215,-2.387464389638542,76,491
201,5,0.0,1.2488974332809448,0.20650224387645721,0.15538859367370605,0.0,9.388774455317295,226,487
201,6,0.14504584670066833,2.314311981201172,0.0934079959988594,0.15538859367370605,3.5862318411639027,2.3067406746702965,77,465
201,7,-0.11867386847734451,1.2502533197402954,0.15865328907966614,0.19423574209213257,-5.422261783438096,7.199983873710756,151,463
201,8,0.07252292335033417,2.2784204483032227,-0.435137540102005,0.19423574209213257,1.823129246006153,-10.80692309503611,78,428
201,9,-0.07252292335033417,2.2965755462646484,-0.3260146379470825,0.19423574209213257,-1.808726490133914,-8.075572469009495,78,428
201,10,-0.03955795615911484,1.2555643320083618,0.15614533424377441,0.23308289051055908,-1.8045705726979435,7.085579018533202,219,464
201,11,0.0,1.2560477256774902,0.15726394951343536,0.2719300389289856,0.0,7.136603185203246,212,451
201,12,0.0,1.2614147663116455,0.10592859238386154,0.3107771873474121,0.0,4.800209059889251,170,446
201,13,-0.07911591231822968,1.2455723285675049,0.2113720029592514,0.3496243357658386,-3.6344147530787447,9.612257761604253,142,448
201,14,0.0,2.2470405101776123,-0.5801833868026733,0.3496243357658386,0.0,-14.477512724979547,82,412
201,15,-0.29009169340133667,2.228236675262451,-0.5801833868026733,0.38847148418426514,-7.417555476862771,-14.477511602658046,78,413
201,16,-0.07911591231822968,1.2593315839767456,-0.10105667263269424,0.42731863260269165,-3.594810418510692,-4.578953201633222,81,436
201,17,0.0,1.264562726020813,0.057175152003765106,0.46616578102111816,0.0,2.5887726439612506,93,433
201,18,-0.03955795615911484,1.2644116878509521,0.04567394405603409,0.6604015231132507,-1.7919518724058099,2.067767017715712,162,423
201,19,-0.03955795615911484,1.265129804611206,-0.01642145961523056,0.6992486715316772,-1.7909353819238185,-0.7432976169995082,202,411
201,20,0.0,1.265825629234314,0.00857177097350359,0.7380958199501038,0.0,0.3879829750475565,162,414
201,21,0.0,1.25199294090271,-0.1868194043636322,0.8157901167869568,0.0,-8.486919825176399,132,406
201,22,0.0,1.2652419805526733,-0.039377495646476746,0.8546372652053833,0.0,-1.7826125917300932,158,399
201,23,-0.07911591231822968,1.1708085536956787,-0.47469547390937805,1.0100258588790894,-3.865813197890004,-22.024313375971534,78,405
201,24,0.0,1.2256584167480469,0.3164636492729187,-0.7769429683685303,0.0,14.477512503083895,127,403
201,25,-0.07911591231822968,0.8401293158531189,0.009787648916244507,-0.7380958199501038,-5.3797418659656095,0.6645354988209459,149,400
201,26,-0.09889489412307739,0.6224068403244019,0.05853617936372757,-0.6992486715316772,-9.028315649162897,5.306574324848322,168,405
201,27,-0.09889489412307739,0.6245476007461548,0.027515104040503502,-0.6604015231132507,-8.997876462502644,2.491591509360345,186,407
201,28,-0.07911591231822968,0.6254999041557312,0.055565789341926575,-0.6215543746948242,-7.208736287984479,5.036579917958631,201,413
201,29,-0.07911591231822968,0.6257602572441101,0.05255274102091789,-0.5827072262763977,-7.205768561609892,4.762822907984271,204,415
201,30,-0.09889489412307739,0.62422114610672,0.034128058701753616,-0.5438600778579712,-9.002505116553463,3.0909434953201504,201,418
201,31,-0.07911591231822968,0.6263408064842224,0.04510937258601189,-0.5050129294395447,-7.199159711534278,4.086993402085407,183,435
201,32,0.0,1.2459948062896729,0.22334934771060944,-0.5050129294395447,0.0,10.16255795754499,166,415
201,33,-0.07911591231822968,0.6218910217285156,0.08711590617895126,-0.46616578102111816,-7.25012528889148,7.911287350186954,183,437
201,34,-0.07911591231822968,0.6226081252098083,0.08183365315198898,-0.42731863260269165,-7.241863489725553,7.428792853479817,216,418
201,35,-0.07911591231822968,0.6237323880195618,0.07277064770460129,-0.38847148418426514,-7.2289484117905225,6.60216756995679,213,429
201,36,-0.07911591231822968,0.621526300907135,0.08968111872673035,-0.3496243357658386,-7.254334460277125,8.14580187532901,206,430
201,37,-0.09889489412307739,0.6166315078735352,0.10287052392959595,-0.3107771873474121,-9.111462293088499,9.353855138883286,188,439
201,38,-0.07911591231822968,1.2631781101226807,0.022574082016944885,-0.3107771873474121,-3.583892371492209,1.0218141933224767,165,431
201,39,-0.07911591231822968,0.6215953230857849,0.08920165151357651,-0.2719300389289856,-7.253537515969777,8.101957747404496,171,446
201,40,-0.11867386847734451,0.6153891682624817,0.08837224543094635,-0.23308289051055908,-10.915134846123342,8.026126269324084,120,449
201,41,-0.03955795615911484,1.2612278461456299,0.10063519328832626,-0.19423574209213257,-1.796472512611752,4.559814956823572,128,463
201,42,-0.09889489412307739,1.0463907718658447,-0.08975290507078171,-0.15538859367370605,-5.399014660135044,-4.880832937180357,81,498
201,43,-0.29009169340133667,2.2703697681427,-0.38349971175193787,-0.15538859367370605,-7.281392936765368,-9.511720151757663,116,435
201,44,-0.09889489412307739,1.0196596384048462,0.25156205892562866,-0.11654144525527954,-5.539684532710736,13.796540958311928,107,493
201,45,-0.2175687700510025,2.2867791652679443,-0.330316424369812,-0.11654144525527954,-5.434876290169833,-8.182856028975735,153,416
201,46,0.0,1.0462685823440552,0.13450391590595245,-0.07769429683685303,0.0,7.325526924072251,184,502
201,47,-0.14504584670066833,2.3076982498168945,-0.198229119181633,-0.07769429683685303,-3.5964828388393038,-4.8999801421690385,127,446
201,48,0.0,1.053523302078247,0.05345935747027397,-0.038847148418426514,0.0,2.9048912807374108,221,515
202,0,0.03955795615911484,1.2411346435546875,0.24577994644641876,0.0,1.8255367693825038,11.195732131807679,250,505
202,1,0.03955795615911484,1.2384058237075806,0.25917986035346985,0.07769429683685303,1.8295565979543578,11.814685231755417,242,511
202,2,0.03955795615911484,1.2529641389846802,0.17579516768455505,0.11654144525527954,1.808312994019917,7.982734676926901,196,498
202,3,0.03955795615911484,1.2554982900619507,0.15667538344860077,0.15538859367370605,1.8046654342753228,7.109755707138726,217,469
202,4,0.03955795615911484,1.2517815828323364,0.184026837348938,0.19423574209213257,1.810020168737773,8.359142823422248,193,472
202,5,0.0,1.2534197568893433,0.17699368298053741,0.23308289051055908,0.0,8.037517137392152,156,476
202,6,0.0,1.2442352771759033,0.23295125365257263,0.2719300389289856,0.0,10.604402342116277,150,458
202,7,0.03955795615911484,1.2480911016464233,0.2075854241847992,0.3107771873474121,1.8153686423497597,9.438471296405996,143,439
202,8,0.07911591231822968,1.1999911069869995,0.3951580822467804,0.42731863260269165,3.772075366315959,18.18987482254842,91,447
202,9,0.0,1.2456835508346558,0.22507868707180023,0.46616578102111816,0.0,10.242089963054632,109,445
202,10,0.0,1.0520210266113281,0.07759524136781693,0.5050129294395447,0.0,4.218398368161591,101,439
202,11,0.0,0.8430418372154236,0.03811676800251007,0.5438600778579712,0.0,2.588772583033884,75,446
202,12,-0.18460379540920258,1.2196528911590576,-0.8120321035385132,0.5827072262763977,-8.606826332944497,-33.35658073447906,138,424
202,13,-0.13845284283161163,1.2711708545684814,-0.7389069199562073,0.6215543746948242,-6.21601419636508,-30.022031167134482,132,427
202,14,-0.18460379540920258,1.2123044729232788,-0.8229624629020691,0.6604015231132507,-8.658208573679739,-33.86577084922602,128,415
202,15,-0.09230189770460129,1.3407589197158813,-0.612269401550293,0.6604015231132507,-3.938201018701775,-24.49308591167111,128,415
202,16,-0.18460379540920258,1.2859580516815186,-0.7023255228996277,0.6992486715316772,-8.169199613550616,-28.395998380326795,116,416
202,17,0.0,1.0262738466262817,0.24399076402187347,0.7380958199501038,0.0,13.373468066062864,111,432
202,18,0.0,1.050106406211853,0.10022947937250137,0.7769429683685303,0.0,5.452192126566969,115,428
202,19,0.03296496346592903,1.0523003339767456,0.06592992693185806,0.8157901167869568,1.794293642052232,3.583321558972172,81,433
202,20,-0.26371970772743225,1.4751744270324707,-0.7765319347381592,0.8157901167869568,-10.1358014657446,-27.39250283326607,101,425
202,21,-0.09230189770460129,1.294370174407959,-0.7050630450248718,0.8546372652053833,-4.078873450684535,-28.5168006784541,122,412
202,22,-0.18460379540920258,1.3153409957885742,-0.6456215977668762,0.8934844136238098,-7.989093228471077,-25.92326922607188,76,416
202,23,0.0,1.0493319034576416,0.10803687572479248,1.1265673637390137,0.0,5.87833354139408,84,406
202,24,-0.13185985386371613,1.0240578651428223,0.21607375144958496,1.1265673637390137,-7.337154117598198,11.819709400097876,84,406
202,25,-0.05274394154548645,0.7430083751678467,0.39664724469184875,1.2819559574127197,-4.060444706095117,28.035280969927296,109,414
202,26,0.0,0.7743366956710815,0.33552202582359314,1.3208030462265015,0.0,23.427205471083717,170,404
202,27,-0.05274394154548645,0.7805390954017639,0.3164636492729187,1.3208030462265015,-3.865812903578347,22.02431186187994,170,404
202,28,0.0,0.7743366956710815,0.33552202582359314,1.3596501350402832,0.0,23.427205471083717,165,405
202,29,-0.026371970772743225,0.7779850959777832,0.3259080648422241,1.3984973430633545,-1.9414565739497271,22.717721189429742,170,416
202,30,-0.05274394154548645,0.7740311026573181,0.3320636749267578,1.4373445510864258,-3.8982165580060664,23.17155659722146,169,428
202,31,-0.026371970772743225,0.7739470601081848,0.3353846073150635,1.4761916399002075,-1.9515782284799514,23.417037465071353,175,420
202,32,0.0,0.7696616053581238,0.34611186385154724,1.5150387287139893,0.0,24.213142443831575,175,415
202,33,-0.026371970772743225,0.7671235799789429,0.3507111668586731,1.5538859367370605,-1.968923700013317,24.5559911973662,176,416
202,34,0.0,0.7522135376930237,0.3825535774230957,1.6315802335739136,0.0,26.95654348290206,181,396
202,35,-0.026371970772743225,0.762550950050354,0.3605453372001648,1.6704273223876953,-1.9807209568769042,25.292244955862788,163,401
202,36,0.0,0.7308414578437805,0.4219515323638916,1.7092745304107666,0.0,30.000001206874515,117,412
202,37,0.0,0.7589898109436035,0.36892661452293396,1.748121738433838,0.0,25.923267177616623,132,414
202,38,-0.026371970772743225,0.7431888580322266,0.39893263578414917,1.7869688272476196,-2.0322814049789346,28.21121658309018,138,407
202,39,0.0,0.7566812038421631,0.373638778924942,1.8258159160614014,0.0,26.2795268676576,126,410
202,40,0.0,0.6886683702468872,0.4877583682537079,1.8646631240844727,0.0,35.30853230704268,93,411
202,41,-0.07911591231822968,0.7339776158332825,0.40888866782188416,1.8646631240844727,-6.152194684423987,28.981086898578738,93,411
202,42,0.0,0.6975455284118652,0.47497645020484924,1.903510332107544,0.0,34.251942082281914,95,412
202,43,0.05274394154548645,0.8272026181221008,-0.15851280093193054,-2.4085230827331543,3.6483441340540086,-10.82634434571315,79,403
202,44,-0.26371970772743225,0.6036820411682129,-0.5274394154548645,-2.4085230827331543,-23.598207505017108,-38.68218603579026,79,403
202,45,0.03955795615911484,1.201806902885437,0.39557957649230957,-1.2431087493896484,1.88523292297383,18.209957571128275,85,398
202,46,0.0,1.25199294090271,-0.1868194043636322,-0.5827072262763977,0.0,-8.486919825176399,78,413
202,47,-0.11867386847734451,1.2556688785552979,-0.10770349204540253,-0.5438600778579712,-5.399014661775043,-4.880833390427657,135,395
202,48,-0.15823182463645935,1.255812168121338,-0.016920048743486404,-0.5050129294395447,-7.18140086283574,-0.7658670069431397,168,405
202,49,-0.07911591231822968,1.2633702754974365,-0.004912855569273233,-0.46616578102111816,-3.5833486627746773,-0.22236881882333773,191,417
202,50,-0.11867386847734451,1.2601587772369385,-0.01744651235640049,-0.42731863260269165,-5.379891241864664,-0.7896982253395066,200,417
202,51,-0.15823182463645935,1.2550325393676758,-0.04737117141485214,-0.38847148418426514,-7.185815345042819,-2.1446396544341484,184,415
202,52,-0.06592992693185806,1.0497264862060547,0.08060351759195328,-0.3496243357658386,-3.5938421130928693,4.382254128966148,148,418
202,53,-0.11867386847734451,1.259446144104004,0.04582260921597481,-0.3107771873474121,-5.382917472801951,2.0745004221141734,207,432
202,54,-0.11867386847734451,1.2602088451385498,0.013340847566723824,-0.2719300389289856,-5.3796787536554875,0.6038516815656502,206,434
202,55,-0.11867386847734451,1.2533633708953857,-0.13185058534145355,-0.23308289051055908,-5.408887069887676,-5.978735099605772,195,423
202,56,0.07911591231822968,1.238265872001648,0.250651478767395,-0.19423574209213257,3.655801831993997,11.420595321107925,199,452
202,57,0.0,1.261922001838684,0.0997023805975914,-0.15538859367370605,0.0,4.517461035429118,188,452
202,58,0.0,2.5240001678466797,-0.19742049276828766,-0.15538859367370605,0.0,-4.472415673034881,90,401
202,59,0.03955795615911484,1.258958101272583,0.12588737905025482,-0.11654144525527954,1.7997092010823807,5.707415106070436,239,455
202,60,0.03955795615911484,1.2530479431152344,0.17519669234752655,-0.07769429683685303,1.8081921339251017,7.955382142322641,252,512
202,61,0.03955795615911484,1.2534407377243042,0.17236393690109253,-0.038847148418426514,1.807625871134694,7.825938900181862,230,551
203,0,0.03955795615911484,1.2476493120193481,0.21022386848926544,0.0,1.8160110296768248,9.559554890358863,318,512
203,1,0.07911591231822968,1.2623594999313354,-0.05076352879405022,0.038847148418426514,3.5862103774579177,-2.2983020223786887,147,532
203,2,0.0,1.0286279916763306,0.23386698961257935,0.07769429683685303,0.0,12.808921680014292,195,509
203,3,-0.03296496346592903,1.0332139730453491,0.21012254059314728,0.11654144525527954,-1.827417009581602,11.489664751617017,204,471
203,4,0.0,1.0119643211364746,0.29782143235206604,0.15538859367370605,0.0,16.399173412929077,173,454
203,5,0.0,1.25199294090271,0.1868194043636322,0.19423574209213257,0.0,8.486919825176399,99,440
203,6,-0.1054878830909729,0.8102678060531616,0.2109757661819458,0.23308289051055908,-7.417555786814828,14.477512178954797,114,436
203,7,-0.06592992693185806,1.0386114120483398,0.17236267030239105,0.2719300389289856,-3.632200490953176,9.404050548624665,153,450
203,8,-0.06592992693185806,1.0303632020950317,0.21627354621887207,0.3107771873474121,-3.6611980211629747,11.830796927252706,176,457
203,9,-0.05274394154548645,0.8078766465187073,0.2381717413663864,0.3496243357658386,-3.735375364461593,16.393129573546798,143,477
203,10,-0.07911591231822968,0.7948088645935059,0.2723819613456726,0.38847148418426514,-5.6845423858203965,18.830193439071063,107,487
203,11,0.0,1.2658545970916748,0.0,0.5438600778579712,0.0,0.0,83,409
203,12,0.0,1.2256584167480469,0.3164636492729187,-0.46616578102111816,0.0,14.477512503083895,122,405
203,13,0.03296496346592903,1.0159510374069214,0.2820036709308624,-0.42731863260269165,1.8584466986626398,15.505612645708954,149,407
203,14,0.0,0.9679208993911743,0.419402539730072,-0.38847148418426514,0.0,23.427205198828737,83,409
203,15,0.03955795615911484,1.2207704782485962,0.332479327917099,-0.3496243357658386,1.8559681620446606,15.227484709342237,129,402
203,16,0.07911591231822968,1.2284691333770752,0.2949443459510803,-0.3107771873474121,3.6848759422807,13.473769173566913,107,408
203,17,0.0,1.2644145488739014,0.06036453694105148,-0.2719300389289856,0.0,2.7332880189171647,151,414
203,18,0.0,1.264456868171692,0.059471048414707184,-0.23308289051055908,0.0,2.692801133068548,214,418
203,19,0.03955795615911484,1.262194037437439,0.08768767863512039,-0.19423574209213257,1.7950982389440215,3.9721472621970846,252,448
203,20,0.0,2.3183650970458984,0.104821115732193,-0.19423574209213257,0.0,2.5887726250627496,96,411
203,21,0.0,1.2626917362213135,0.08942973613739014,-0.15538859367370605,0.0,4.051190426701636,279,465
203,22,0.0,2.316927433013916,-0.13286001980304718,-0.15538859367370605,0.0,-3.2819289069521003,78,431
203,23,0.0,1.2571154832839966,0.14848819375038147,-0.11654144525527954,0.0,6.736460141146702,249,502
203,24,-0.07252292335033417,2.3014862537384033,0.2893189787864685,-0.11654144525527954,-1.8048697450846576,7.161528220805658,115,450
203,25,0.03955795615911484,1.2487586736679077,0.20353107154369354,-0.07769429683685303,1.8143988160042155,9.252492449161304,326,523
203,26,0.0,2.3202455043792725,0.04759290814399719,-0.07769429683685303,0.0,1.1750870451443391,80,512
203,27,0.03955795615911484,1.247450590133667,0.21140018105506897,-0.038847148418426514,1.8163001308537694,9.613551439132555,325,554
204,0,0.03296496346592903,1.0121967792510986,0.2951953411102295,0.0,1.8653348541184953,16.25054566091696,198,501
204,1,0.03955795615911484,1.2381765842437744,0.260272741317749,0.038847148418426514,1.829895096890904,11.865227202515781,247,526
204,2,0.0,1.2444366216659546,0.23187385499477386,0.07769429683685303,0.0,10.554792307876994,247,502
204,3,0.0,1.2539067268371582,0.17351067066192627,0.11654144525527954,0.0,7.878333761631467,229,464
204,4,0.0,1.2503199577331543,0.19770686328411102,0.15538859367370605,0.0,8.985499254747403,244,446
204,5,0.0,1.2469149827957153,0.21815353631973267,0.19423574209213257,0.0,9.923722647709205,237,440
204,6,0.0,1.0170592069625854,0.2799282670021057,0.23308289051055908,0.0,15.388662377111773,254,427
204,7,0.0,1.0004059076309204,0.3346002697944641,0.2719300389289856,0.0,18.49325942201373,213,423
204,8,0.0,0.9364190697669983,0.48568370938301086,0.3107771873474121,0.0,27.413992405834385,115,402
204,9,0.0,1.2658545970916748,0.0,0.38847148418426514,0.0,0.0,105,435
204,10,-0.07911591231822968,1.2623519897460938,0.050949811935424805,0.42731863260269165,-3.5862316574304227,2.3067404913376603,96,424
204,11,0.0,1.2094552516937256,0.3736388087272644,0.5050129294395447,0.0,17.16756557609894,86,416
204,12,-0.06592992693185806,0.9756738543510437,0.39557957649230957,0.5827072262763977,-3.865812962440674,22.02431291499231,109,411
204,13,0.0,0.9135518670082092,0.5274394154548645,0.6215543746948242,0.0,29.999999992838863,76,407
204,14,0.0,0.9723988771438599,0.40891289710998535,0.6604015231132507,0.0,22.80771335370717,152,404
204,15,-0.06592992693185806,0.9576849937438965,0.4373352825641632,0.6992486715316772,-3.938200809271346,24.493084553508705,178,405
204,16,0.0,0.9135518670082092,0.5274394154548645,0.7380958199501038,0.0,29.999999992838863,117,400
204,17,0.0,1.2658545970916748,0.0,-0.19423574209213257,0.0,0.0,127,407
204,18,0.0,1.265709400177002,-0.019172852858901024,-0.15538859367370605,0.0,-0.8678449734177512,149,447
204,19,0.0,1.2636743783950806,-0.07426298409700394,-0.11654144525527954,0.0,-3.363261480691471,247,447
204,20,0.0,1.2650293111801147,0.045703381299972534,-0.07769429683685303,0.0,2.0691002260814786,256,488
204,21,0.03955795615911484,1.2543264627456665,0.16579551994800568,-0.038847148418426514,1.8063502874279793,7.525947239388654,226,540
205,0,0.03955795615911484,1.2651121616363525,0.017728857696056366,0.0,1.7909603416475888,0.8024791438901558,302,485
205,1,0.03296496346592903,1.053692102432251,0.03762645646929741,0.038847148418426514,1.7919251967367007,2.044115739260301,282,539
205,2,0.0,1.2509692907333374,0.19355545938014984,0.07769429683685303,0.0,8.795311501715089,294,536
205,3,0.03955795615911484,1.2499520778656006,0.1960688978433609,0.11654144525527954,1.8126676568982323,8.910447298101573,317,494
205,4,0.03955795615911484,1.2504477500915527,0.19288235902786255,0.15538859367370605,1.8119496021405865,8.764483683650417,250,444
205,5,-0.03955795615911484,1.1474131345748901,0.5331661701202393,0.19423574209213257,-1.9745343113524538,24.909783236249233,135,438
205,6,0.19778978824615479,1.2363344430923462,0.18639791011810303,0.23308289051055908,9.08920498466553,8.467631129977613,127,419
205,7,0.0,1.2193005084991455,0.34013837575912476,0.2719300389289856,0.0,15.587076526619441,95,414
205,8,0.0,0.9596313238143921,0.4380377531051636,-0.07769429683685303,0.0,24.535020467401065,118,423
205,9,0.0,1.2510439157485962,0.1930728554725647,-0.038847148418426514,0.0,8.773208023786765,200,449
206,0,0.06592992693185806,1.051383376121521,0.05491602420806885,0.0,3.588193334904171,2.9841144153914825,181,555
206,1,0.07911591231822968,1.2572797536849976,0.12400055676698685,0.038847148418426514,3.600661584195048,5.621593891435108,210,591
206,2,0.09889489412307739,1.047466516494751,0.07617811858654022,0.07769429683685303,5.393502604525516,4.141221741216616,259,568
206,3,0.06592992693185806,1.0468395948410034,0.11202476918697357,0.11654144525527954,3.6037268445636457,6.096124159812933,272,527
206,4,0.06592992693185806,1.0207812786102295,0.25773701071739197,0.15538859367370605,3.6954703560845035,14.142155118885158,170,510
206,5,-0.07911591231822968,1.230144739151001,0.28787606954574585,0.19423574209213257,-3.6798704967782325,13.145010053337872,124,464
206,6,0.0,1.2537035942077637,0.1749718189239502,0.23308289051055908,0.0,7.945105077305848,181,434
206,7,-0.07911591231822968,1.2469935417175293,0.20281939208507538,0.2719300389289856,-3.6302836513766312,9.219857002457008,121,424
206,8,0.0,1.007879376411438,0.31136566400527954,0.3107771873474121,0.0,17.16756506056785,120,398
206,9,0.0,1.2338231801986694,0.28296321630477905,0.3496243357658386,0.0,12.916765007693117,130,393
206,10,0.0,1.1846415996551514,0.4461079239845276,0.46616578102111816,0.0,20.635183629588788,78,404
206,11,0.0,1.2315285205841064,0.29278892278671265,0.5050129294395447,0.0,13.37346932694454,115,400
206,12,0.0,1.2023190259933472,0.39600104093551636,0.5438600778579712,0.0,18.230041045274284,86,395
206,13,0.07911591231822968,1.230144739151001,0.28787606954574585,0.5438600778579712,3.6798704967782325,13.145010053337872,86,395
206,14,0.0,0.9601817727088928,0.43682989478111267,-0.42731863260269165,0.0,24.462924222640087,130,426
206,15,-0.09889489412307739,0.9239793419837952,0.49925076961517334,-0.38847148418426514,-6.109195566317859,28.247279092170217,177,421
206,16,-0.09889489412307739,0.9317564964294434,0.4845812916755676,-0.3496243357658386,-6.058584370760112,27.346559630039117,191,408
206,17,-0.13185985386371613,0.8863512277603149,0.5565642714500427,-0.3107771873474121,-8.461664586265375,31.844092319224714,153,410
206,18,-0.06592992693185806,0.9899269938468933,0.35842326283454895,-0.2719300389289856,-3.8103174774652566,19.86326999998586,77,427
206,19,-0.13845284283161163,1.4580274820327759,-0.18977554142475128,-0.23308289051055908,-5.424484814907586,-7.38303247367566,92,423
206,20,0.0,1.2633533477783203,-0.07953739166259766,-0.19423574209213257,0.0,-3.6024364739007844,112,439
206,21,0.0,1.242116928100586,0.2439945638179779,-0.15538859367370605,0.0,11.113365217276424,102,446
206,22,-0.07911591231822968,1.1353212594985962,0.5542328357696533,-0.11654144525527954,-3.986265137428969,25.965696723870423,101,444
206,23,0.0,0.998134970664978,0.34131497144699097,-0.07769429683685303,0.0,18.87826284682962,111,466
206,24,0.06592992693185806,1.011810064315796,0.2909688651561737,-0.07769429683685303,3.7281442429341363,16.011576157325027,111,466
206,25,0.0,1.0158593654632568,0.28425195813179016,-0.038847148418426514,0.0,15.632378691940687,114,489
207,0,0.03955795615911484,1.244985818862915,0.2254621386528015,0.0,1.8198935508191374,10.259728218238209,196,534
207,1,0.03955795615911484,1.2401279211044312,0.25081026554107666,0.038847148418426514,1.8270177164471562,11.427927610255253,181,580
207,2,0.05274394154548645,0.8256072998046875,0.16662245988845825,0.07769429683685303,3.6553747223472355,11.387452054587115,177,563
207,3,0.1054878830909729,0.7884275913238525,0.2818272113800049,0.11654144525527954,7.620646562554781,19.509117844043256,147,538
207,4,-0.2109757661819458,0.637455940246582,-0.511186420917511,0.11654144525527954,-18.31274927871277,-37.28215920713446,147,538
207,5,0.09889489412307739,1.0499824285507202,0.022937564179301262,0.15538859367370605,5.380654920030519,1.245952728273091,164,505
207,6,0.0,1.2658525705337524,0.0022916574962437153,0.19423574209213257,0.0,0.10372626511681286,259,468
207,7,-0.03955795615911484,1.2648988962173462,0.029219387099146843,0.23308289051055908,-1.79126210576445,1.3226608255795758,271,459
207,8,0.0,1.2641738653182983,0.06520980596542358,0.2719300389289856,0.0,2.952867679262463,201,452
207,9,0.0,1.253057837486267,0.17953824996948242,0.3107771873474121,0.0,8.15384983927757,136,435
207,10,0.03955795615911484,1.2451313734054565,0.22465719282627106,0.3496243357658386,1.819680950222042,10.222704061944093,135,417
207,11,0.03955795615911484,1.240607500076294,0.24842746555805206,0.38847148418426514,1.8263119285246825,11.317915458608343,152,404
207,12,0.03955795615911484,1.236972689628601,0.2659353017807007,0.42731863260269165,1.831674845892223,12.127252018709859,101,408
207,13,0.0,1.239014744758606,0.259288489818573,0.46616578102111816,0.0,11.819708380612495,104,408
207,14,-0.07911591231822968,1.2460832595825195,0.2083386927843094,0.46616578102111816,-3.632928527244947,9.473036101054989,104,408
207,15,-0.15823182463645935,1.2288694381713867,0.259288489818573,0.5050129294395447,-7.337154117598198,11.819708871967041,105,386
207,16,-0.26371970772743225,1.5814388990402222,-0.5274394154548645,-0.6992486715316772,-9.467488447932233,-18.20995727551276,101,394
207,17,-0.26371970772743225,1.5814388990402222,-0.5274394154548645,-0.6604015231132507,-9.467488447932233,-18.20995727551276,120,401
207,18,0.0,0.841985285282135,0.635476291179657,-0.42731863260269165,0.0,37.043155403617504,77,394
207,19,-0.13185985386371613,1.034961462020874,0.15568283200263977,-0.42731863260269165,-7.2606844365985665,8.486919253186313,77,394
207,20,0.0,0.7897610068321228,0.29740527272224426,-0.38847148418426514,0.0,20.63518442454946,111,411
207,21,-0.13185985386371613,0.9722194671630859,0.38751980662345886,-0.3496243357658386,-7.7237635692580815,21.552865795624637,185,414
207,22,-0.13185985386371613,0.9893869161605835,0.34131497144699097,-0.3107771873474121,-7.5913203661824635,18.878262219439105,218,419
207,23,-0.06592992693185806,1.0046796798706055,0.31470853090286255,-0.2719300389289856,-3.754528109469115,17.357697197217526,182,425
207,24,-0.13185985386371613,1.0191987752914429,0.23794136941432953,-0.23308289051055908,-7.371750565961371,13.035972590005859,132,427
207,25,0.0,1.253027319908142,0.17975111305713654,-0.19423574209213257,0.0,8.163583073719533,112,447
207,26,0.0,1.2500429153442383,0.19945083558559418,-0.15538859367370605,0.0,9.065425654120682,156,454
207,27,0.03955795615911484,1.2492905855178833,0.20024016499519348,-0.11654144525527954,1.813626813419292,9.101606441894406,170,456
207,28,-0.03955795615911484,1.2150428295135498,0.3528372049331665,-0.07769429683685303,-1.8647109373477513,16.184682764579627,133,479
207,29,0.13185985386371613,1.0463024377822876,0.025169311091303825,-0.038847148418426514,7.182811560301378,1.3672017578342732,141,494
208,0,0.03955795615911484,1.2448773384094238,0.2260606288909912,0.0,1.8200520323778162,10.287258357424989,255,503
208,1,0.0,1.2359317541122437,0.2736065685749054,0.038847148418426514,0.0,12.482637702240645,223,562
208,2,0.0,1.2492300271987915,0.2044806331396103,0.07769429683685303,0.0,9.296041163388445,240,537
208,3,-0.03296496346592903,1.0526059865951538,0.06085421144962311,0.11654144525527954,-1.7937729607957231,3.3071347149235404,232,516
208,4,-0.39557957649230957,2.130178213119507,-1.3097361326217651,0.11654144525527954,-10.52013564504074,-31.153509309851035,83,465
208,5,-0.03955795615911484,1.2609896659851074,0.10357701033353806,0.15538859367370605,-1.7968116142433015,4.693404339560814,260,483
208,6,-0.15823182463645935,0.8255174160003662,0.0752066895365715,0.19423574209213257,-10.85061699904948,5.11285042308397,177,474
208,7,0.0,1.4559329748153687,0.24756206572055817,0.19423574209213257,0.0,9.650090049823541,193,458
208,8,-0.1054878830909729,0.8287520408630371,0.119225412607193,0.23308289051055908,-7.253898803335155,8.121838215459587,222,448
208,9,-0.1054878830909729,0.8304122686386108,0.10705216974020004,0.2719300389289856,-7.239550237031882,7.2878133165730565,158,466
208,10,-0.16482481360435486,1.0416158437728882,0.025267338380217552,0.3107771873474121,-8.991900908106869,1.3725276868042784,123,457
208,11,-0.03296496346592903,0.9479935169219971,0.46150949597358704,0.3496243357658386,-1.9915669375997749,25.944479451475452,98,412
208,12,0.0,1.4507319927215576,0.2764139771461487,0.3496243357658386,0.0,10.787502036477864,99,411
208,13,-0.09230189770460129,1.4692201614379883,0.11789944767951965,0.3496243357658386,-3.5948104669957184,4.578953118981781,99,411
208,14,-0.27690568566322327,1.2276545763015747,0.13629107177257538,0.38847148418426514,-12.710738188257453,6.180859787951524,84,425
208,15,-0.15823182463645935,1.2288694381713867,0.259288489818573,0.42731863260269165,-7.337154117598198,11.819708871967041,96,408
208,16,-0.07911591231822968,1.2615079879760742,0.06874746829271317,0.46616578102111816,-3.588624728912589,3.1132158263638,160,394
208,17,0.0,1.2578386068344116,0.14223183691501617,0.5050129294395447,0.0,6.451396077693323,149,400
208,18,0.0,1.2620000839233398,0.09871024638414383,0.5438600778579712,0.0,4.472415673034881,75,413
208,19,-0.11867386847734451,1.2600884437561035,0.02194076031446457,0.6215543746948242,-5.380189765476601,0.9931440454950548,139,405
208,20,-0.07911591231822968,1.2578504085540771,0.11807192862033844,0.6604015231132507,-3.599032349784464,5.352013603421457,139,414
208,21,-0.23075474798679352,1.458466649055481,-0.025597551837563515,0.6992486715316772,-8.9906612361795,-0.9931439375667729,98,413
208,22,-0.19778978824615479,1.249285340309143,0.05052833631634712,0.7380958199501038,-8.996529403338501,2.287648082416782,111,393
208,23,0.0,1.4027055501937866,0.4620012044906616,0.7769429683685303,0.0,18.230040438073768,82,404
208,24,0.0,0.9645004272460938,0.42720991373062134,-1.6704273223876953,0.0,23.8901755131634,112,410
208,25,0.0,0.841985285282135,0.635476291179657,-1.6315802335739136,0.0,37.043155403617504,123,397
208,26,0.07911591231822968,1.2630562782287598,-0.028587576001882553,-0.7769429683685303,3.5842371654809075,-1.2940560331962514,78,406
208,27,-0.11867386847734451,1.2377279996871948,-0.23734773695468903,-0.7769429683685303,-5.476800960936588,-10.806922288183708,78,406
208,28,0.0,1.2023190259933472,-0.39600104093551636,-0.7380958199501038,0.0,-18.230041045274284,78,401
208,29,0.0,1.2591983079910278,-0.1296442449092865,-0.6992486715316772,0.0,-5.878333162505145,79,396
208,30,0.0,1.036237120628357,0.1974385529756546,-0.5827072262763977,0.0,10.787502096024374,92,408
208,31,0.0,1.0213819742202759,0.26371970772743225,-0.5438600778579712,0.0,14.477513042655318,105,417
208,32,0.0,0.9940194487571716,0.3531213700771332,-0.5050129294395447,0.0,19.557375425305644,107,411
208,33,0.03296496346592903,1.0159510374069214,0.2820036709308624,-0.46616578102111816,1.8584466986626398,15.505612645708954,102,407
208,34,-0.03296496346592903,1.0144968032836914,0.2871914505958557,-0.46616578102111816,-1.8611088236843025,15.79823758717968,102,407
208,35,0.0,1.007879376411438,0.31136566400527954,-0.42731863260269165,0.0,17.16756506056785,93,403
208,36,-0.26371970772743225,0.9016759395599365,-0.4797934591770172,-0.38847148418426514,-16.30299776710815,-27.054174815864126,97,409
208,37,-0.13185985386371613,1.045771837234497,0.04175571724772453,-0.3496243357658386,-7.186417861039487,2.268555931600901,127,425
208,38,-0.13185985386371613,1.0217883586883545,0.22656340897083282,-0.3107771873474121,-7.353272595522271,12.40242738033504,108,433
208,39,0.0,1.25199294090271,0.1868194043636322,-0.2719300389289856,0.0,8.486919825176399,78,422
208,40,-0.07911591231822968,1.253431797027588,0.15823182463645935,-0.23308289051055908,-3.6116861746512954,7.180755684403435,87,432
208,41,-0.15823182463645935,0.7991843223571777,0.22008968889713287,-0.19423574209213257,-11.199245802393824,15.117520632707933,116,449
208,42,0.046150948852300644,1.4732204675674438,0.09230189770460129,-0.19423574209213257,1.794293642052232,3.5833215589721723,112,441
208,43,-0.06592992693185806,1.04560387134552,0.12302561849355698,-0.15538859367370605,-3.6079745849744675,6.697381449964814,146,505
208,44,-0.09889489412307739,1.046297550201416,0.09083350002765656,-0.11654144525527954,-5.399492851696059,4.939741561283583,181,519
208,45,0.07911591231822968,1.2224787473678589,0.31886404752731323,-0.07769429683685303,3.7028824439932397,14.589751764955441,237,495
208,46,-0.35602161288261414,0.9997636079788208,-0.6900067329406738,-0.07769429683685303,-19.601109055250355,-33.03092381729539,237,495
208,47,-0.14504584670066833,2.316178798675537,-0.009006902575492859,-0.07769429683685303,-3.5833489076770775,-0.22236883982343805,81,455
208,48,0.11867386847734451,1.240134358406067,0.22443492710590363,-0.038847148418426514,5.466238197223673,10.212481872178024,237,507
209,0,0.07911591231822968,1.250496506690979,0.17996440827846527,0.0,3.6201413667680296,8.173336043107781,287,512
209,1,0.03955795615911484,1.2584997415542603,0.13038980960845947,0.038847148418426514,1.8003642440591172,5.9122588678104835,178,513
209,2,-0.19778978824615479,1.2393878698349,0.16487865149974823,0.07769429683685303,-9.067184743978801,7.484088400689351,157,476
209,3,0.23734773695468903,1.0125596523284912,0.7216487526893616,0.07769429683685303,13.19216990871366,34.75637486080993,157,476
209,4,-0.07911591231822968,1.2626057863235474,0.044217534363269806,0.11654144525527954,-3.585512669196482,2.0018046166260137,241,450
209,5,-0.07911591231822968,1.2633371353149414,0.010385749861598015,0.15538859367370605,-3.5834424171613724,0.47009056452764947,219,469
209,6,-0.07911591231822968,1.2629882097244263,0.03145249933004379,0.19423574209213257,-3.584429833635448,1.4237661902530336,251,463
209,7,-0.07911591231822968,1.261982798576355,0.05939805507659912,0.23308289051055908,-3.5872780648937974,2.689493569219894,270,436
209,8,-0.07911591231822968,1.2630265951156616,0.029874900355935097,0.2719300389289856,-3.5843211810994045,1.3523390172484873,253,415
209,9,-0.15823182463645935,1.255479335784912,0.03350043296813965,0.3107771873474121,-7.1832847950434395,1.5164913086236071,197,415
209,10,-0.03955795615911484,1.2630585432052612,0.07420305162668228,0.3496243357658386,-1.7938703794019735,3.3605442320463794,188,413
209,11,-0.11867386847734451,1.259032130241394,0.05605635792016983,0.38847148418426514,-5.3846771620351035,2.538082610893467,207,404
209,12,-0.07911591231822968,1.257117748260498,0.12563280761241913,0.42731863260269165,-3.6011243823756036,5.695835274648266,179,405
209,13,-0.03955795615911484,1.2598083019256592,0.11707235872745514,0.46616578102111816,-1.7984954380816103,5.306574508124651,172,405
209,14,0.07911591231822968,1.253431797027588,0.15823182463645935,0.5050129294395447,3.6116861746512954,7.180755684403435,127,397
209,15,0.03955795615911484,1.2552498579025269,0.15865328907966614,0.5438600778579712,1.805022367497728,7.199983451185253,127,393
209,16,0.0,1.2552974224090576,0.16314467787742615,0.5827072262763977,0.0,7.404937785840595,123,398
209,17,0.0,1.2484514713287354,0.20918165147304535,0.6215543746948242,0.0,9.51171959131598,112,406
209,18,0.0,1.25199294090271,0.1868194043636322,0.6604015231132507,0.0,8.486919825176399,110,397
209,19,0.0,1.2256584167480469,0.3164636492729187,0.6992486715316772,0.0,14.477512503083895,92,395
209,20,0.0,1.2591983079910278,0.1296442449092865,0.7380958199501038,0.0,5.878333162505145,90,398
209,21,0.03955795615911484,1.2299152612686157,0.29686930775642395,0.8157901167869568,1.8421780348400305,13.56338117466317,113,390
209,22,0.0,1.1846415996551514,0.4461079239845276,0.8546372652053833,0.0,20.635183629588788,90,393
209,23,0.03955795615911484,1.2627604007720947,0.07911591231822968,0.8934844136238098,1.794293642052232,3.583321558972172,76,401
209,24,-0.18460379540920258,0.7733889222145081,-0.2827780842781067,2.369676113128662,-13.424994483099956,-19.577621549183984,77,410
209,25,-0.2109757661819458,0.699727475643158,-0.4219515323638916,2.4473702907562256,-16.778654461993945,-29.999999405051017,95,407
209,26,-0.026371970772743225,0.6495440602302551,0.5381165742874146,-2.486217498779297,-2.3249742108940734,39.61696459652225,121,403
209,27,-0.07911591231822968,0.6432498097419739,0.5405023097991943,-2.4085230827331543,-7.01182542712383,39.827556830049616,93,408
209,28,0.0,0.6997382044792175,0.4717402160167694,-2.2919816970825195,0.0,33.986538419522084,131,402
209,29,-0.05274394154548645,0.7175658345222473,0.44100990891456604,-2.2531347274780273,-4.203907452316077,31.505714818220646,133,400
209,30,0.0,0.7566812038421631,0.373638778924942,-2.214287519454956,0.0,26.2795268676576,139,400
209,31,-0.05274394154548645,0.685531735420227,0.4893226623535156,-2.1754403114318848,-4.399596975766673,35.43878325695093,136,397
209,32,0.0,0.6886683702468872,0.4877583682537079,-2.1365931034088135,0.0,35.30853230704268,83,405
209,33,0.0,0.7308414578437805,0.4219515323638916,-2.097745895385742,0.0,30.000001206874515,100,404
209,34,0.0,0.7535648941993713,0.3798847198486328,-2.05889892578125,0.0,26.753440320814768,124,410
209,35,-0.07911591231822968,0.714965283870697,0.44129088521003723,-2.0200517177581787,-6.314489037296862,31.528093845227577,101,414
209,36,-0.05274394154548645,0.7743275165557861,0.33137181401252747,-1.9812045097351074,-3.8967289122027005,23.120472355078324,146,397
209,37,-0.1054878830909729,0.7321693301200867,0.4061683714389801,-1.9423574209213257,-8.198518176942942,28.77017354327205,152,405
209,38,-0.07911591231822968,0.7327567338943481,0.4110725224018097,-1.903510332107544,-6.162366355150969,29.150721278204646,141,410
209,39,-0.07911591231822968,0.7616896629333496,0.354601114988327,-1.8646631240844727,-5.929988244687884,24.84669407612281,146,418
209,40,-0.13185985386371613,0.9681674838066101,0.39753493666648865,-1.8258159160614014,-7.755696515937821,22.13892636238197,149,407
209,41,-0.07911591231822968,0.7577559351921082,0.36293110251426697,-1.7869688272476196,-5.960551446885118,25.47152994822514,152,398
209,42,-0.1054878830909729,0.7671177387237549,0.33552202582359314,-1.748121738433838,-7.829750474092442,23.427205466188443,114,403
209,43,-0.07911591231822968,0.7450923323631287,0.3882659673690796,-1.7092745304107666,-6.06110921469742,27.392502984916973,98,410
209,44,-0.05274394154548645,0.7631039023399353,0.3564588725566864,-1.6704273223876953,-3.953860931183984,24.985768799754158,190,407
209,45,-0.07911591231822968,0.7698567509651184,0.33650216460227966,-1.6315802335739136,-5.867520715494393,23.499747351784954,199,419
209,46,-0.07911591231822968,0.7665791511535645,0.3439033031463623,-1.5927331447601318,-5.892431848346789,24.04883675833228,191,424
209,47,-0.07911591231822968,0.7510592341423035,0.37659406661987305,-1.5538859367370605,-6.013310053349262,26.503517335190374,189,420
209,48,-0.07911591231822968,0.7453681826591492,0.38773614168167114,-1.5150387287139893,-6.058882771574618,27.351995895618536,193,412
209,49,-0.1054878830909729,0.7613993883132935,0.3483039438724518,-1.4761916399002075,-7.887816902990301,24.37643282351373,189,418
209,50,-0.07911591231822968,0.7798041701316833,0.3127594292163849,-1.4373445510864258,-5.793185173840246,21.753280917846368,191,417
209,51,-0.07911591231822968,0.7782913446426392,0.31650543212890625,-1.3984973430633545,-5.80436902693057,22.027372179706816,191,412
209,52,-0.1054878830909729,0.7841585278511047,0.2934962809085846,-1.3596501350402832,-7.661642882133105,20.35185635898144,180,413
209,53,-0.1054878830909729,0.7934117913246155,0.26747405529022217,-1.3208030462265015,-7.573331167083417,18.478501301292123,155,422
209,54,-0.1054878830909729,0.782684326171875,0.29740527272224426,-1.2819559574127197,-7.675901849053837,20.635184424524496,123,425
209,55,-0.06592992693185806,0.9756738543510437,0.39557957649230957,-1.2431087493896484,-3.865812962440674,22.02431291499231,106,415
209,56,-0.07911591231822968,0.7977249026298523,0.26371970772743225,-1.0877201557159424,-5.663898217520632,18.209956230769993,102,394
209,57,-0.16482481360435486,0.9536293148994446,0.4197537899017334,-1.048872947692871,-9.806092406202767,23.447999250860708,113,401
209,58,-0.1054878830909729,0.7850292325019836,0.29115936160087585,-1.0100258588790894,-7.653245847591853,20.182722276659877,158,408
209,59,-0.1054878830909729,0.7921728491783142,0.2711215913295746,-0.9711787104606628,-7.585037904632099,18.739807027733786,173,412
209,60,-0.07911591231822968,0.8013200759887695,0.2525850534439087,-0.9323315620422363,-5.638650901780323,17.415910406602503,190,416
209,61,-0.07911591231822968,0.8062247037887573,0.23646298050880432,-0.8934844136238098,-5.604567506101592,16.27223709046766,198,415
209,62,-0.1054878830909729,0.8032446503639221,0.23631064593791962,-0.8546372652053833,-7.481679457873752,16.261462726790583,187,428
209,63,-0.1054878830909729,0.8108521699905396,0.20871849358081818,-0.8157901167869568,-7.412269577858119,14.319287926729306,176,434
209,64,-0.07911591231822968,0.8179076313972473,0.19219836592674255,-0.7769429683685303,-5.525011211659451,13.164601642662895,177,424
209,65,-0.1054878830909729,0.8174306750297546,0.18125072121620178,-0.7380958199501038,-7.353272701584445,12.402427157501855,174,420
209,66,-0.13185985386371613,1.0394448041915894,0.12221625447273254,-0.6992486715316772,-7.229699655392871,6.6531213100309206,140,425
209,67,-0.06592992693185806,1.0414611101150513,0.15421199798583984,-0.6992486715316772,-3.6222883792465805,8.406155029497976,140,425
209,68,-0.13185985386371613,1.0459017753601074,0.03836413100361824,-0.6604015231132507,-7.185534385398623,2.0842086964902995,126,432
209,69,-0.09889489412307739,1.0496727228164673,-0.03429955616593361,-0.5827072262763977,-5.382233159657237,-1.8633098699099995,92,438
209,70,0.0,1.0335332155227661,-0.21113617718219757,-0.5438600778579712,0.0,-11.54585134194738,85,439
209,71,0.0,1.253242015838623,-0.1782476305961609,-0.5050129294395447,0.0,-8.094841315381736,89,438
209,72,0.06592992693185806,1.036534309387207,-0.1844433844089508,-0.46616578102111816,3.6394594846206805,-10.069808295303243,86,452
209,73,-0.18460379540920258,1.4138672351837158,-0.38461485505104065,-0.42731863260269165,-7.438832402957175,-15.095736785196046,114,453
209,74,-0.23075474798679352,1.2188433408737183,-0.801374614238739,-0.38847148418426514,-10.720509748674305,-32.862952336497756,123,457
209,75,-0.23075474798679352,1.2317345142364502,-0.7814155220985413,-0.3496243357658386,-10.610871136467559,-31.945789608497005,120,448
209,76,0.23734773695468903,1.1492249965667725,0.47469547390937805,-0.3107771873474121,11.669146600545055,22.02431305788535,139,446
209,77,0.07911591231822968,1.253431797027588,0.15823182463645935,-0.2719300389289856,3.6116861746512954,7.180755684403435,101,462
209,78,0.07911591231822968,1.2617470026016235,0.06421160697937012,-0.19423574209213257,3.5879467063239643,2.9076274482771582,190,482
209,79,0.09230189770460129,1.4179047346115112,-0.402559757232666,-0.15538859367370605,3.7245505104333216,-15.818065275780608,82,518
209,80,0.03955795615911484,1.2487026453018188,0.20387445390224457,-0.11654144525527954,1.8144801723206947,9.268240132294489,239,560
209,81,0.0,1.2473206520080566,0.21582187712192535,-0.07769429683685303,0.0,9.816600446547287,256,556
209,82,0.07252292335033417,2.3098902702331543,0.21201743185520172,-0.07769429683685303,1.7983074517949171,5.241733176236172,82,526
209,83,0.07911591231822968,1.2478874921798706,0.19724483788013458,-0.038847148418426514,3.627689968486307,8.964327477045165,249,570
210,0,0.16482481360435486,1.0317189693450928,0.1454586237668991,0.0,9.076727401028876,7.925843355851942,186,530
210,1,0.07252292335033417,2.316244125366211,-0.12473300844430923,0.0,1.7933776116243996,-3.080974085414655,119,468
210,2,0.27690568566322327,1.2301100492477417,0.11198479682207108,0.038847148418426514,12.686187704491044,5.0753495308336225,158,473
210,3,-0.15823182463645935,1.138750433921814,-0.5297151803970337,0.038847148418426514,-7.91071885458084,-24.737679933684117,158,473
210,4,0.0,1.2613592147827148,0.10658729821443558,0.07769429683685303,0.0,4.830129587527325,213,437
210,5,0.0,1.260353684425354,0.1178830936551094,0.11654144525527954,0.0,5.343429299257754,168,453
210,6,-0.07911591231822968,1.2625014781951904,0.0471002422273159,0.19423574209213257,-3.5858081320921054,2.1323683482889026,157,413
210,7,-0.11867386847734451,1.2599456310272217,0.029009053483605385,0.23308289051055908,-5.380796021842624,1.3131380000908532,95,458
210,8,0.0,1.4587593078613281,0.2303238958120346,0.2719300389289856,0.0,8.972376720960687,77,469
210,9,0.0,1.4606584310531616,0.21795597672462463,0.3107771873474121,0.0,8.486920015770277,75,436
210,10,0.0,1.6878061294555664,0.0,-1.048872947692871,0.0,0.0,79,402
210,11,0.0,1.0962622165679932,0.6329272985458374,-0.9711787104606628,0.0,30.000000532410255,82,412
210,12,-0.07911591231822968,1.2448809146881104,0.21540698409080505,-0.9711787104606628,-3.636427912652436,9.797542550031206,82,412
210,13,0.0,1.2256584167480469,0.3164636492729187,-0.9323315620422363,0.0,14.477512503083895,75,405
210,14,-0.11867386847734451,1.2319021224975586,0.2659353017807007,-0.9323315620422363,-5.502543100966237,12.127251789397862,75,405
210,15,-0.07911591231822968,0.6144347190856934,0.1296442449092865,-0.8157901167869568,-7.337154117598198,11.819708871967041,78,425
210,16,-0.09230189770460129,1.3659433126449585,0.5538113713264465,-0.8157901167869568,-3.865813197890004,22.024312840047173,80,409
210,17,-0.23075474798679352,1.3721851110458374,0.4948616325855255,-0.8157901167869568,-9.545880128219457,19.577622348917895,80,409
210,18,-0.07911591231822968,0.6144347190856934,0.1296442449092865,-0.7769429683685303,-7.337154117598198,11.819708871967041,108,410
210,19,-0.046150948852300644,1.4600025415420532,-0.21746423840522766,-0.6992486715316772,-1.8105272620107131,-8.467631249914659,115,409
210,20,-0.09889489412307739,0.6185325980186462,0.09074253588914871,-0.6604015231132507,-9.08392540309281,8.242877752709594,137,442
210,21,-0.13845284283161163,1.4672513008117676,-0.09503940492868423,-0.6604015231132507,-5.390585506939523,-3.689741450005328,165,405
210,22,-0.09889489412307739,0.6184061765670776,0.09160006046295166,-0.6215543746948242,-9.085751467279483,8.321323468494535,195,431
210,23,-0.13185985386371613,0.8276407718658447,0.09897547215223312,-0.5827072262763977,-9.05229279781105,6.735321698169177,210,419
210,24,-0.03955795615911484,1.2652192115783691,0.006573706865310669,-0.5438600778579712,-1.7908089075285707,0.29754394574308396,210,424
210,25,-0.07911591231822968,0.6209768652915955,0.0934097021818161,-0.5050129294395447,-7.2606845744949196,8.486919678004455,80,479
210,26,-0.03955795615911484,1.264886498451233,0.029750177636742592,-0.5050129294395447,-1.7912796513551033,1.3466922942023485,190,440
210,27,-0.059336934238672256,0.6273345947265625,0.059391606599092484,-0.46616578102111816,-5.40329101200256,5.384350378092404,124,462
210,28,-0.03955795615911484,1.2616865634918213,0.09471012651920319,-0.46616578102111816,-1.7958197883675033,4.290829475528888,158,432
210,29,-0.07911591231822968,0.6258736252784729,0.051184214651584625,-0.42731863260269165,-7.204477055638998,4.638519273717471,128,458
210,30,-0.13845284283161163,1.4647096395492554,0.1283915638923645,-0.42731863260269165,-5.399884363613092,4.987433348955716,121,427
210,31,-0.03296496346592903,1.0543442964553833,0.006382528226822615,-0.38847148418426514,-1.7908174734971378,0.34666935710371305,133,451
210,32,-0.03955795615911484,1.2647429704666138,0.03533048927783966,-0.3496243357658386,-1.7914828003264036,1.5993549670894338,187,455
210,33,-0.03955795615911484,1.2620502710342407,0.08973435312509537,-0.3107771873474121,-1.7953025936710816,4.065012976065821,220,447
210,34,-0.03955795615911484,1.2613153457641602,0.09953194111585617,-0.2719300389289856,-1.796347969872527,4.509722320126074,213,455
210,35,0.0,1.2639989852905273,0.06851612031459808,-0.23308289051055908,0.0,3.102729058060432,180,459
210,36,0.03955795615911484,1.2627604007720947,0.07911591231822968,-0.19423574209213257,1.794293642052232,3.583321558972172,147,487
210,37,0.07911591231822968,1.2419246435165405,0.23184414207935333,-0.15538859367370605,3.6450607379224533,10.553424735501308,147,520
210,38,0.09889489412307739,1.0348052978515625,0.17935168743133545,-0.11654144525527954,5.4590977925285165,9.789047937810487,229,538
210,39,-0.14504584670066833,2.305424690246582,0.22312010824680328,-0.11654144525527954,-3.6000202889159083,5.517056208392747,76,513
210,40,0.13185985386371613,1.0216572284698486,0.2271537035703659,-0.07769429683685303,7.354206060457811,12.435258162746585,290,531
210,41,0.16482481360435486,1.0201348066329956,0.21196044981479645,-0.038847148418426514,9.178053786669361,11.591549676787086,230,570
210,42,0.07252292335033417,2.3169994354248047,-0.10981155186891556,-0.038847148418426514,1.792793376679192,-2.7121116382657116,104,527
211,0,0.09889489412307739,1.0483622550964355,0.06265509128570557,0.0,5.388921444709511,3.4051176376952452,217,530
211,1,0.03955795615911484,1.2629750967025757,0.07560963183641434,0.038847148418426514,1.793988825438997,3.4243214423966593,211,490
211,2,-0.03955795615911484,1.2649004459381104,0.02915368042886257,0.07769429683685303,-1.7912599125897786,1.3196859496757027,106,522
211,3,-0.09889489412307739,1.049310326576233,0.044011760503053665,0.11654144525527954,-5.384081079027786,2.3911942974697187,126,505
211,4,-0.11867386847734451,1.2512041330337524,0.15097197890281677,0.15538859367370605,-5.41816583612648,6.8496779406664645,198,434
211,5,-0.06592992693185806,1.050649881362915,0.06750843673944473,0.19423574209213257,-3.5906918243527426,3.6692305789617943,210,419
211,6,-0.1054878830909729,0.8366174697875977,-0.033404573798179626,0.23308289051055908,-7.186417861039487,-2.268555931600901,214,421
211,7,-0.15823182463645935,0.8185417056083679,-0.13086062669754028,0.2719300389289856,-10.940864803652014,-8.920621191845713,156,411
211,8,0.0,1.2591983079910278,0.1296442449092865,0.3496243357658386,0.0,5.878333162505145,87,405
211,9,-0.15823182463645935,1.255926251411438,9.416051922547797e-15,0.46616578102111816,-7.180755342926473,4.2619429064440994e-13,106,418
211,10,-0.15823182463645935,1.254926323890686,-0.05010686069726944,0.5050129294395447,-7.186417185516847,-2.268555719697885,111,398
211,11,-0.11867386847734451,1.1752392053604126,-0.4551011621952057,-0.5438600778579712,-5.7660954414557075,-21.07077554069128,77,409
211,12,0.0,1.264280915260315,-0.06310022622346878,-0.5050129294395447,0.0,-2.857259896908221,116,412
211,13,0.03955795615911484,1.261940360069275,-0.09126631915569305,-0.46616578102111816,1.7954588564378173,-4.134531691689029,118,412
211,14,-0.11867386847734451,1.2313932180404663,-0.2682817280292511,-0.46616578102111816,-5.504803200772178,-12.23590372529927,118,412
211,15,-0.19778978824615479,1.1860792636871338,-0.39557957649230957,-0.42731863260269165,-9.467488097366502,-18.209956651468595,91,407
211,16,-0.03955795615911484,1.2478951215744019,-0.20876015722751617,-0.42731863260269165,-1.8156535524813437,-9.492376809488906,91,407
211,17,0.0,1.2641043663024902,0.06654402613639832,-0.38847148418426514,0.0,3.013339732956509,118,410
211,18,0.03955795615911484,1.2651737928390503,-0.012578773312270641,-0.3496243357658386,1.7908731542896956,-0.569356467636784,164,419
211,19,0.0,1.2644938230514526,-0.058678630739450455,-0.3107771873474121,0.0,-2.656895323648103,124,444
211,20,-0.15823182463645935,1.2482975721359253,-0.1382160186767578,-0.2719300389289856,-7.2241766194309545,-6.268504420449411,108,451
211,21,0.0,1.2658531665802002,0.0019006180809810758,-0.23308289051055908,0.0,0.08602681233080099,155,472
211,22,0.0,1.2644938230514526,-0.058678630739450455,-0.19423574209213257,0.0,-2.656895323648103,182,453
211,23,0.09889489412307739,1.0009210109710693,0.3180350065231323,-0.15538859367370605,5.642731883390342,17.54709461111689,172,471
211,24,0.0,1.2567497491836548,0.15155181288719177,-0.11654144525527954,0.0,6.87611193192935,247,518
211,25,0.06592992693185806,1.0486652851104736,0.093401238322258,-0.07769429683685303,3.5974693703303138,5.079743346237571,264,552
211,26,0.0,2.2861390113830566,-0.39921459555625916,-0.07769429683685303,0.0,-9.905337645362074,92,507
211,27,0.09889489412307739,1.0492589473724365,0.04521915316581726,-0.038847148418426514,5.3843431726347015,2.456832701939583,244,572
212,0,0.15823182463645935,1.2503323554992676,0.11840437352657318,0.0,7.212543943946449,5.367127062829286,227,513
212,1,-0.13185985386371613,0.8231626152992249,-0.13110566139221191,0.038847148418426514,-9.100716982824117,-8.937461174469796,124,525
212,2,0.15823182463645935,0.823072612285614,-0.09842049330472946,0.038847148418426514,10.88207858450386,-6.697381631210562,124,525
212,3,-0.1054878830909729,0.8372190594673157,0.010434114374220371,0.07769429683685303,-7.181307939978349,0.7084296792177827,151,491
212,4,-0.07911591231822968,0.8391453623771667,0.041810598224401474,0.11654144525527954,-5.386012894674845,2.8398426674290707,110,481
212,5,0.0,0.8178013563156128,-0.20826248824596405,0.19423574209213257,0.0,-14.287337807035206,147,420
212,6,-0.07911591231822968,0.8251519799232483,-0.15823182463645935,0.23308289051055908,-5.476801092006547,-10.806922539953156,157,410
212,7,-0.1054878830909729,0.8102678060531616,-0.2109757661819458,0.2719300389289856,-7.417555786814828,-14.477512178954797,107,417
212,8,-0.11867386847734451,1.2544865608215332,-0.12069685757160187,-0.19423574209213257,-5.404072968630285,-5.4713568402000305,125,440
212,9,0.23734773695468903,1.0673396587371826,0.6378401517868042,-0.19423574209213257,12.537050851700597,30.257101595668992,125,440
212,10,0.13185985386371613,0.9802086353302002,0.3668423891067505,-0.15538859367370605,7.661561974528852,20.35023629447313,278,449
212,11,0.13185985386371613,0.9841902852058411,0.3560222089290619,-0.11654144525527954,7.6309322527059615,19.724668367342492,275,506
212,12,0.1054878830909729,0.7616362571716309,0.347785621881485,-0.07769429683685303,7.885394655843745,24.337804404165052,180,558
212,13,-0.18460379540920258,0.75684654712677,-0.32446444034576416,-0.07769429683685303,-13.707466660613488,-22.611504446853395,180,558
212,14,-0.19778978824615479,1.233302354812622,0.2055053412914276,-0.07769429683685303,-9.11117653656238,9.343042571742878,182,545
212,15,0.27690568566322327,0.9352891445159912,-0.8068118691444397,-0.07769429683685303,16.49213873493069,-39.595639243195166,182,545
212,16,0.11867386847734451,1.2560421228408813,0.10326014459133148,-0.038847148418426514,5.397419771861469,4.67901410134291,226,547
212,17,0.14504584670066833,2.30380916595459,-0.2392265498638153,-0.038847148418426514,3.6025381229854876,-5.916690770415906,86,512
213,0,0.11867386847734451,1.2599225044250488,0.029996464028954506,0.0,5.380894209730124,1.3578428460735512,268,524
213,1,0.13185985386371613,1.0466036796569824,0.0017765884986147285,0.038847148418426514,7.180765729689287,0.09649550636709271,149,487
213,2,0.26371970772743225,2.025669574737549,-0.5274394154548645,0.038847148418426514,7.4175555709862815,-14.477511777662764,90,449
213,3,0.0,1.2315285205841064,-0.29278892278671265,0.07769429683685303,0.0,-13.37346932694454,108,427
213,4,0.11867386847734451,1.2491703033447266,0.16696636378765106,-0.15538859367370605,5.426934768122405,7.579406764900839,132,431
213,5,0.13185985386371613,1.031097412109375,0.17950022220611572,-0.11654144525527954,7.287601960344184,9.797234944551592,145,480
213,6,0.11867386847734451,1.2598745822906494,0.031942207366228104,-0.07769429683685303,5.381097682601964,1.4459385897044381,244,560
213,7,0.11867386847734451,1.2599583864212036,0.028448721393942833,-0.038847148418426514,5.380741868196266,1.2877694410696368,262,577
214,0,0.0,1.0528384447097778,0.0655783861875534,0.0,0.0,3.5641906043899176,284,496
214,1,-0.026371970772743225,0.8357237577438354,-0.11420450359582901,0.038847148418426514,-1.8074170706824797,-7.777641266116981,123,513
214,2,-0.07911591231822968,0.82928067445755,-0.13493193686008453,0.07769429683685303,-5.4496986048927845,-9.200530408394428,97,455
214,3,-0.026371970772743225,0.8377869725227356,-0.09792809188365936,0.07769429683685303,-1.8029688929912984,-6.66372221034542,97,455
214,4,0.03955795615911484,1.2627604007720947,0.07911591231822968,-0.11654144525527954,1.794293642052232,3.583321558972172,141,447
214,5,0.0,1.048764705657959,0.11340996623039246,-0.07769429683685303,0.0,6.17179500861697,280,497
214,6,0.0,1.0529308319091797,0.06407883018255234,-0.038847148418426514,0.0,3.4825877303422845,279,547
215,0,0.11867386847734451,1.2586606740951538,-0.0638570487499237,0.0,5.386256944156193,-2.8915587233136013,255,490
215,1,0.06592992693185806,1.0475080013275146,0.10559143871068954,0.038847148418426514,3.6014333892822967,5.744823546863145,227,499
215,2,0.03955795615911484,1.258123517036438,0.1339709311723709,0.07769429683685303,1.8009022637333938,6.075240712449335,165,442
215,3,0.03296496346592903,1.0493121147155762,0.10308623313903809,0.11654144525527954,1.7994000569187503,5.608082513842158,141,408
215,4,0.06592992693185806,1.04452645778656,0.13185985386371613,0.15538859367370605,3.6116863116852995,7.180755953653309,96,401
215,5,-0.06592992693185806,1.04452645778656,0.13185985386371613,0.15538859367370605,-3.6116863116852995,7.180755953653309,96,401
215,6,0.03296496346592903,1.0438978672027588,0.14818845689296722,-0.19423574209213257,1.8087265849345435,8.075572494567046,95,403
215,7,0.06592992693185806,1.0410637855529785,0.15687157213687897,-0.15538859367370605,3.623667151716441,8.552206685003686,155,408
215,8,0.06592992693185806,1.0347293615341187,0.194313645362854,-0.11654144525527954,3.6457909302277116,10.614768352344425,212,443
215,9,0.23734773695468903,1.1786868572235107,-0.3959183990955353,-0.07769429683685303,11.385181528504969,-18.22610184444517,209,521
215,10,-0.11867386847734451,1.245015263557434,0.1955539435148239,-0.07769429683685303,-5.444937628411634,8.886855766214056,209,521
215,11,0.11867386847734451,1.2582179307937622,-0.07205679267644882,-0.038847148418426514,5.388141114277492,-3.2632363680088576,242,552
216,0,0.0,2.1086409091949463,-0.06863760203123093,0.0,0.0,-1.8643557778530642,83,487
216,1,-0.15823182463645935,1.2555468082427979,0.03086785040795803,0.038847148418426514,-7.1829028009638956,1.3972954290320658,184,480
216,2,-0.06592992693185806,2.108410120010376,-0.03656793385744095,0.038847148418426514,-1.7910538456061718,-0.9931440383522474,80,449
216,3,-0.15823182463645935,1.2545546293258667,0.058678630739450455,0.07769429683685303,-7.188524079181897,2.6568953238509767,130,425
216,4,0.3164636492729187,1.0495911836624146,0.6329272985458374,0.07769429683685303,16.778654911636753,30.000000050801344,130,425
216,5,-0.23734773695468903,1.1492249965667725,-0.47469547390937805,0.11654144525527954,-11.669146600545055,-22.02431305788535,77,402
216,6,0.23734773695468903,1.1492249965667725,0.47469547390937805,0.11654144525527954,11.669146600545055,22.02431305788535,77,402
216,7,-0.06592992693185806,1.030813217163086,0.21411839127540588,-0.11654144525527954,-3.6596040215339496,11.711225086914846,117,422
216,8,0.23075474798679352,1.0041272640228271,0.2263844609260559,-0.07769429683685303,12.942222225116225,12.392476940686302,178,519
216,9,0.3164636492729187,1.2128404378890991,0.17679551243782043,-0.038847148418426514,14.623991869295043,8.028458624472822,196,557
216,10,-0.15823182463645935,1.0969022512435913,-0.6116828918457031,-0.038847148418426514,-8.208483848481231,-28.89574373296009,196,557
216,11,0.0,2.108041524887085,-0.08507891744375229,-0.038847148418426514,0.0,-2.311158817886641,85,539
217,0,0.07911591231822968,1.2546406984329224,0.14834141731262207,0.0,3.6082153544403894,6.7297711558151905,227,479
217,1,0.15823182463645935,1.242238163948059,0.18491877615451813,0.0,7.259039841633906,8.399949657209849,227,479
217,2,0.0,1.2650198936462402,0.04596275836229324,0.038847148418426514,0.0,2.080848023301413,229,466
217,3,0.07252292335033417,2.2677834033966064,0.4875481128692627,0.038847148418426514,1.831674827660372,12.12725273582832,83,431
217,4,0.0,1.265434741973877,0.032599013298749924,0.07769429683685303,0.0,1.4756769407402024,178,414
217,5,0.0,1.2620000839233398,0.09871024638414383,0.11654144525527954,0.0,4.472415673034881,117,404
217,6,0.0,1.2620000839233398,-0.09871024638414383,-0.15538859367370605,0.0,-4.472415673034881,82,414
217,7,0.0,1.265846848487854,0.004427668172866106,-0.11654144525527954,0.0,0.20040786561956525,142,425
217,8,0.07911591231822968,1.2586544752120972,0.10916651785373688,-0.07769429683685303,3.5967392161293668,4.947298127285662,229,468
217,9,0.07911591231822968,1.2578026056289673,0.11857955157756805,-0.038847148418426514,3.599168771863276,5.37509115422706,233,534
218,0,0.03955795615911484,1.247524619102478,0.21096271276474,0.0,1.8161924225409491,9.593469291516698,228,437
218,1,0.06592992693185806,1.0408166646957397,0.1585034728050232,0.038847148418426514,3.6245252249166633,8.641849943355373,263,453
218,2,0.03296496346592903,1.0376787185668945,0.1868300586938858,0.07769429683685303,1.8195596107997176,10.201496711429057,202,412
218,3,0.03296496346592903,1.0386923551559448,0.1811099499464035,0.11654144525527954,1.817785135243265,9.885972852029129,132,403
218,4,0.0,1.2434844970703125,0.23692627251148224,0.15538859367370605,0.0,10.787502897511425,85,400
218,5,-0.07911591231822968,1.253431797027588,0.15823182463645935,0.15538859367370605,-3.6116861746512954,7.180755684403435,85,400
218,6,0.11867386847734451,1.2600884437561035,-0.02194076031446457,-0.15538859367370605,5.380189765476601,-0.9931440454950548,98,411
218,7,0.03955795615911484,1.2561229467391968,0.15158499777317047,-0.11654144525527954,1.8037685862089379,6.877625243293651,152,411
218,8,0.03955795615911484,1.2517017126083374,0.18456919491291046,-0.07769429683685303,1.8101355880439836,8.383955798744594,233,434
218,9,0.03955795615911484,1.2515531778335571,0.18557393550872803,-0.038847148418426514,1.8103502726331238,8.429926671758388,260,492
219,0,0.06592992693185806,1.0272389650344849,0.2306574583053589,0.0,3.6723027375077155,12.63020898976794,178,396
219,1,0.03296496346592903,1.0426470041275024,0.15674762427806854,0.038847148418426514,1.81089506935094,8.545398695458129,279,424
219,2,0.03296496346592903,1.0450960397720337,0.1394883692264557,0.07769429683685303,1.8066543069252767,7.598569714423794,195,413
219,3,0.0,1.0325121879577637,0.21607375144958496,0.11654144525527954,0.0,11.819710013962274,117,404
219,4,0.0,1.0350974798202515,0.20332880318164825,-0.11654144525527954,0.0,11.113364801265028,136,400
219,5,0.03296496346592903,1.042712688446045,0.1563105434179306,-0.07769429683685303,1.8107810703379437,8.521392323103559,213,409
219,6,0.03296496346592903,1.0419459342956543,0.1613423377275467,-0.038847148418426514,1.8121127119308158,8.797846389278623,270,445
220,0,-0.19778978824615479,1.01507568359375,-0.20801399648189545,0.0,-11.02605384628584,-11.372821384312852,153,395
220,1,0.16482481360435486,0.963763952255249,0.39593079686164856,0.0,9.704945796866333,22.044893240575917,153,395
220,2,-0.15823182463645935,1.2554205656051636,-0.03563494607806206,0.038847148418426514,-7.183617554270468,-1.6131408185447036,203,426
220,3,0.3164636492729187,1.2255218029022217,-0.018302584066987038,0.038847148418426514,14.479058536716677,-0.8284500827942736,203,426
220,4,-0.15823182463645935,1.255926251411438,9.416051922547797e-15,0.07769429683685303,-7.180755342926473,4.2619429064440994e-13,132,422
220,5,0.27690568566322327,1.2233303785324097,0.1708037257194519,0.07769429683685303,12.754200649150805,7.754661854094181,132,422
220,6,0.23734773695468903,1.2419787645339966,-0.05952158570289612,-0.07769429683685303,10.819033245942402,-2.6950910739462843,104,411
220,7,0.27690568566322327,1.2328077554702759,-0.0767868384718895,-0.038847148418426514,12.659322626403062,-3.477701379902977,182,429
221,0,0.13185985386371613,1.034961462020874,0.15568283200263977,0.0,7.2606844365985665,8.486919253186313,205,398
221,1,0.06592992693185806,1.0493468046188354,0.08540458977222443,0.038847148418426514,3.5951390509268326,4.643835720867948,267,453
221,2,0.06592992693185806,1.048953652381897,0.09010414034128189,0.07769429683685303,3.596482988117469,4.8999803381856415,221,411
221,3,0.03296496346592903,1.0495588779449463,0.10054250061511993,0.11654144525527954,1.7989772755234252,5.469271622480666,122,407
221,4,0.03296496346592903,1.0543636083602905,-0.00035123052657581866,-0.11654144525527954,1.7907846939345158,-0.019077097638504997,106,411
221,5,0.03296496346592903,1.054086446762085,0.02417421154677868,-0.07769429683685303,1.7912552563290431,1.3131380934491999,184,416
221,6,0.06592992693185806,1.0511547327041626,0.05912984162569046,-0.038847148418426514,3.5889717861016903,3.213323552522001,256,444
222,0,0.06592992693185806,1.0468169450759888,0.11223562061786652,0.0,3.6038046121812375,6.107642188291348,226,401
222,1,0.09889489412307739,1.044624924659729,0.10838810354471207,0.038847148418426514,5.408087157307104,5.897511655778201,237,479
222,2,0.06592992693185806,1.0493438243865967,0.08544084429740906,0.07769429683685303,3.5951492346703633,4.645811501873111,207,425
222,3,0.0,1.0542242527008057,-0.037156298756599426,0.11654144525527954,0.0,-2.018563159980424,128,399
222,4,0.0,1.0493319034576416,-0.10803687572479248,-0.11654144525527954,0.0,-5.87833354139408,105,405
222,5,0.06592992693185806,1.0527263879776,0.013781323097646236,-0.07769429683685303,3.5836276470632793,0.7485542667763508,168,412
222,6,0.06592992693185806,1.052393913269043,0.02982940897345543,-0.038847148418426514,3.584756843224509,1.6204012539917634,241,445
223,0,-0.11867386847734451,1.2510275840759277,-0.15242795646190643,0.0,-5.418925913500094,-6.916057603905853,180,416
223,1,-0.03296496346592903,1.0444871187210083,-0.143977090716362,0.038847148418426514,-1.8077068619281318,-7.844605827747361,220,471
223,2,-0.03296496346592903,1.0447462797164917,-0.1420840620994568,0.07769429683685303,-1.8072587374418478,-7.740827779437583,187,412
223,3,-0.06592992693185806,1.0251206159591675,-0.2398967295885086,0.11654144525527954,-3.6798704967782325,-13.145010316054522,101,412
223,4,0.0,1.2484514713287354,-0.20918165147304535,-0.11654144525527954,0.0,-9.51171959131598,90,404
223,5,-0.09889489412307739,0.9985002279281616,-0.32555559277534485,-0.07769429683685303,-5.656323624588241,-17.97602146405812,149,407
223,6,0.13185985386371613,1.046545386314392,0.01118846982717514,-0.07769429683685303,7.181161528090508,0.6077134862804339,149,407
223,7,0.0,1.045526385307312,-0.1401566118001938,-0.038847148418426514,0.0,-7.635188878007152,221,435
224,0,0.0,1.2658545970916748,0.0,0.0,0.0,0.0,183,396
224,1,0.07911591231822968,1.2632287740707397,-0.019534403458237648,0.038847148418426514,3.5837490079760936,-0.8842115882715074,213,467
224,2,0.07911591231822968,1.263170599937439,-0.02299162931740284,0.07769429683685303,3.5839136240000804,-1.0407164846612775,165,430
224,3,0.11867386847734451,1.2602450847625732,-0.009309337474405766,-0.07769429683685303,5.379524963106422,-0.4213679543625658,133,422
224,4,0.07911591231822968,1.2622194290161133,-0.05413639545440674,-0.038847148418426514,3.586607307352908,-2.451097614102459,213,442
225,0,-0.03296496346592903,1.054205060005188,-0.018283966928720474,0.0,-1.7910538456061718,-0.9931440383522474,195,385
225,1,0.03296496346592903,1.054360270500183,-0.002674919320270419,0.038847148418426514,1.7907903594521797,-0.14528848459155097,234,454
225,2,0.03296496346592903,1.0543321371078491,-0.008158622309565544,0.07769429683685303,1.790838113096472,-0.4431402344957503,193,409
225,3,0.07911591231822968,1.2614322900772095,0.07012266665697098,0.11654144525527954,3.5888395176101895,3.1755546424388603,103,400
225,4,0.0,1.0493319034576416,-0.10803687572479248,-0.11654144525527954,0.0,-5.87833354139408,78,407
225,5,0.06592992693185806,1.0519601106643677,-0.042458176612854004,-0.11654144525527954,3.5862312520952573,-2.3067402312392944,78,407
225,6,0.03955795615911484,1.265212893486023,0.00770577322691679,-0.07769429683685303,1.7908178444661313,0.34878493152601286,160,404
225,7,0.11867386847734451,1.2602730989456177,0.004019006155431271,-0.038847148418426514,5.3794060849727945,0.18191068209382907,235,427
226,0,0.0,0.9135518670082092,0.5274394154548645,0.0,0.0,29.999999992838863,127,384
226,1,0.03955795615911484,1.2637351751327515,-0.061615463346242905,0.038847148418426514,1.7929105283379096,-2.789974064457605,203,451
226,2,0.03955795615911484,1.2621352672576904,-0.08853063732385635,0.07769429683685303,1.7951817713673064,-4.010394230527102,153,405
226,3,0.0,1.2658545970916748,0.0,0.11654144525527954,0.0,0.0,86,392
226,4,0.11867386847734451,1.260164499282837,0.017027905210852623,-0.07769429683685303,5.379866956650833,0.7707492538394316,144,413
226,5,0.07911591231822968,1.263379693031311,0.0004896058235317469,-0.038847148418426514,3.5833220212350083,0.02216079832748122,232,423
227,0,0.03296496346592903,0.9736437201499939,0.4045991897583008,0.0,1.9391406051105164,22.553776983240116,183,400
227,1,0.06592992693185806,1.0130714178085327,0.2865463197231293,0.038847148418426514,3.7235154770794416,15.761825980990345,235,447
227,2,0.07252292335033417,2.3177497386932373,-0.09263528138399124,0.038847148418426514,1.792213391138677,-2.287647745832667,80,407
227,3,0.2175687700510025,2.2584872245788574,-0.4875481128692627,0.038847148418426514,5.502543381881033,-12.127253222557684,80,407
227,4,0.06592992693185806,1.0137293338775635,0.2842099964618683,0.07769429683685303,3.721105686255462,15.6300133557061,186,413
227,5,0.03296496346592903,0.9705742597579956,0.4119081497192383,0.11654144525527954,1.9452684716797888,22.98431385214305,94,399
227,6,0.06592992693185806,1.0340032577514648,0.19814100861549377,-0.07769429683685303,3.6483441864887887,10.826344894904642,157,402
227,7,0.06592992693185806,1.0344574451446533,0.19575588405132294,-0.038847148418426514,3.646746673260011,10.69447818113117,235,418
228,0,0.07911591231822968,0.7188014388084412,0.43501442670822144,0.0,6.281059444844072,31.029486720559795,101,388
228,1,-0.26371970772743225,0.7783264517784119,-0.19191737473011017,0.0,-18.717879617421257,-13.145010016512371,101,388
228,2,0.03955795615911484,1.259706974029541,0.11815869808197021,0.038847148418426514,1.798640009846761,5.355958197823086,237,441
228,3,0.0,1.2602025270462036,0.11948839575052261,0.07769429683685303,0.0,5.4164107398080805,168,417
228,4,0.07911591231822968,1.253431797027588,0.15823182463645935,0.11654144525527954,3.6116861746512954,7.180755684403435,82,411
228,5,0.0,1.2648625373840332,0.05010686069726944,-0.11654144525527954,0.0,2.2685558261062915,83,413
228,6,0.07911591231822968,1.256527066230774,0.13140924274921417,-0.07769429683685303,3.6028127806233843,5.958649594591259,182,404
228,7,0.07911591231822968,1.2585386037826538,0.11049559712409973,-0.038847148418426514,3.5970694921690636,5.007682906542776,246,434
229,0,0.09889489412307739,1.0492215156555176,0.04608047008514404,0.0,5.384534133881246,2.503658929380701,183,386
229,1,0.06592992693185806,1.0398198366165161,0.16491593420505524,0.038847148418426514,3.627990616880878,8.99431008950882,241,417
229,2,0.06592992693185806,1.037400722503662,0.17950581014156342,0.07769429683685303,3.6364280515678336,9.797542384859385,167,405
229,3,0.13185985386371613,1.0332460403442383,0.16668801009655,0.07769429683685303,7.272609857677838,9.09177194208969,167,405
229,4,0.11867386847734451,1.2584991455078125,0.0669654980301857,-0.07769429683685303,5.3869442045377856,3.0324431901313544,122,405
229,5,0.03955795615911484,1.2604411840438843,0.11004991829395294,-0.038847148418426514,1.797592985314154,4.9874337304467495,203,422
230,0,0.06592992693185806,1.0194333791732788,0.2630172371864319,0.0,3.7003429572438975,14.438110416987085,186,384
230,1,0.03296496346592903,1.035315752029419,0.19950933754444122,0.038847148418426514,1.8237097054361817,10.902022019847614,251,437
230,2,0.0,1.0385284423828125,0.1850080043077469,0.07769429683685303,0.0,10.100957893453455,175,423
230,3,0.0,1.0433274507522583,0.15568283200263977,0.11654144525527954,0.0,8.486919558344967,82,420
230,4,0.13185985386371613,1.0291599035263062,0.19029541313648224,0.11654144525527954,7.301173780938632,10.392797875816036,82,420
230,5,0.03296496346592903,1.0423851013183594,0.15848033130168915,-0.07769429683685303,1.8113497598462258,8.640578705205828,165,409
230,6,0.03296496346592903,1.0424935817718506,0.1577647477388382,-0.038847148418426514,1.8111613988159085,8.60126812254252,242,427
231,0,0.16482481360435486,1.0263763666152954,0.17931436002254486,0.0,9.123181979582348,9.786990227801486,222,484
231,1,0.13185985386371613,1.0271674394607544,0.20077182352542877,0.038847148418426514,7.3151830875038195,10.97186291440566,222,534
231,2,-0.23075474798679352,0.8465716242790222,-0.5855237245559692,0.038847148418426514,-15.24702854372829,-33.71502342057744,222,534
231,3,0.13185985386371613,1.00511634349823,0.2917591333389282,0.07769429683685303,7.473874588618286,16.056236722030437,203,490
231,4,-0.19778978824615479,0.9468443393707275,-0.42087337374687195,0.07769429683685303,-11.799054905106942,-23.514299008324627,203,490
231,5,0.0,1.2630904912948608,0.08360729366540909,0.11654144525527954,0.0,3.7870344151526223,148,432
231,6,0.0,1.265633225440979,0.023674720898270607,0.15538859367370605,0.0,1.0716401749053983,108,409
231,7,0.03296496346592903,1.0543636083602905,-0.00035123052657581866,-0.11654144525527954,1.7907846939345158,-0.019077097638504997,98,411
231,8,-0.03955795615911484,1.2650130987167358,0.023766057565808296,-0.07769429683685303,-1.7911005000403482,1.0757750818214036,212,449
231,9,-0.07911591231822968,1.261192798614502,-0.07430583983659744,-0.038847148418426514,-3.589519230856201,-3.3652045513424866,221,487
232,0,0.16482481360435486,1.039162278175354,0.07578932493925095,0.0,9.012783585222508,4.12004927035477,236,509
232,1,0.13185985386371613,1.038023829460144,0.13374917209148407,0.038847148418426514,7.239491627672968,7.2841972693749995,270,538
232,2,0.07911591231822968,1.2548861503601074,0.14625106751918793,0.07769429683685303,3.6075114623922335,6.634509163605463,299,521
232,3,0.03955795615911484,1.2555443048477173,0.156305730342865,0.11654144525527954,1.804599338332436,7.092895268041547,263,508
232,4,0.0,1.0502568483352661,0.09864094853401184,0.15538859367370605,0.0,5.3655249486409184,123,485
232,5,-0.03955795615911484,1.261743426322937,0.09395010769367218,0.19423574209213257,-1.795738909374724,4.256333049057723,164,463
232,6,-0.03955795615911484,1.2560375928878784,0.15229104459285736,0.23308289051055908,-1.8038910800587054,6.9098151507211165,153,450
232,7,0.0,1.2629936933517456,0.08505669236183167,0.2719300389289856,0.0,3.8527840110377864,131,434
232,8,0.0,1.2565354108810425,-0.15331897139549255,0.3107771873474121,0.0,-6.956684197326705,74,421
232,9,-0.03955795615911484,1.2616230249404907,-0.09555307775735855,0.3496243357658386,-1.7959101712042247,-4.329091708920512,144,430
232,10,0.03955795615911484,1.2634057998657227,-0.06803618371486664,0.38847148418426514,1.7933776425491155,-3.0809741739259295,168,414
232,11,-0.03955795615911484,1.2627604007720947,-0.07911591231822968,0.38847148418426514,-1.794293642052232,-3.583321558972172,168,414
232,12,0.0,1.2630646228790283,-0.08399773389101028,0.42731863260269165,0.0,-3.804745472397029,158,401
232,13,0.0,1.2644997835159302,-0.05855035036802292,0.46616578102111816,0.0,-2.651082765344153,148,404
232,14,0.0,1.2633533477783203,0.07953739166259766,0.5050129294395447,0.0,3.6024364739007844,71,413
232,15,0.0,1.2648625373840332,0.05010686069726944,0.5438600778579712,0.0,2.2685558261062915,127,408
232,16,0.0,1.2658545970916748,0.0,0.5827072262763977,0.0,0.0,131,403
232,17,0.0,1.2658545970916748,0.0,0.6215543746948242,0.0,0.0,112,399
232,18,0.0,1.25199294090271,0.1868194043636322,0.6604015231132507,0.0,8.486919825176399,68,405
232,19,-0.13185985386371613,0.8144652247428894,-0.17729021608829498,-0.6604015231132507,-9.196248406389875,-12.127252486075477,76,402
232,20,-0.13185985386371613,0.8052237033843994,-0.21540696918964386,-0.6215543746948242,-9.299959510639736,-14.78844919202439,121,411
232,21,-0.07911591231822968,0.594489574432373,-0.20228640735149384,-0.5827072262763977,-7.580498915030928,-18.63900774595711,147,402
232,22,-0.059336934238672256,0.529431939125061,-0.3417278230190277,-0.5438600778579712,-6.394830044844205,-32.67794793446576,141,399
232,23,-0.18460379540920258,0.8137112259864807,0.1263638585805893,-0.5050129294395447,-12.782130705026017,8.611709590304509,213,400
232,24,-0.18460379540920258,0.8209161758422852,0.06473400443792343,-0.46616578102111816,-12.673584417277434,4.399358539249875,236,409
232,25,-0.18460379540920258,0.8186245560646057,0.08914975821971893,-0.42731863260269165,-12.707911676184823,6.064029825453368,190,434
232,26,-0.18460379540920258,0.8059572577476501,0.16889847815036774,-0.38847148418426514,-12.901009292794651,11.545126692533964,169,416
232,27,-0.06592992693185806,1.0527714490890503,-0.009747810661792755,-0.3496243357658386,-3.58347465901068,-0.5294601669778763,163,426
232,28,-0.03296496346592903,1.047887921333313,0.11667723953723907,-0.3107771873474121,-1.801844025819334,6.350321624172583,130,454
232,29,-0.06592992693185806,2.104600667953491,-0.13185985386371613,-0.3107771873474121,-1.794293642052232,-3.583321558972172,75,440
232,30,-0.23075474798679352,0.9218730330467224,-0.4578990936279297,-0.2719300389289856,-14.053000622732183,-25.72660552402844,121,453
232,31,-0.13185985386371613,2.076805353164673,-0.3472311496734619,-0.2719300389289856,-3.6329286658934716,-9.47303632250589,107,423
232,32,0.0,1.0545638799667358,-0.02577834017574787,-0.23308289051055908,0.0,-1.4002907222063694,134,441
232,33,0.0,1.2643418312072754,0.06186801567673683,-0.19423574209213257,0.0,2.8014188189369595,88,491
232,34,0.03955795615911484,1.2648104429244995,0.03282821923494339,-0.11654144525527954,1.791387294325481,1.486054755214712,69,558
232,35,-0.03955795615911484,1.2648465633392334,0.03140691667795181,-0.07769429683685303,-1.7913361707380195,1.4217022570081614,168,549
232,36,-0.07911591231822968,1.2590606212615967,0.1043793335556984,-0.038847148418426514,-3.595582029129401,4.729842570809097,192,529
233,0,-0.03955795615911484,1.2593865394592285,0.12152580916881561,0.0,-1.7990973497523126,5.509050099153961,227,509
233,1,0.0,1.2477788925170898,0.2131562978029251,0.038847148418426514,0.0,9.694179737152746,224,554
233,2,0.0,1.233888030052185,0.2826806306838989,0.07769429683685303,0.0,12.903641986359194,252,545
233,3,-0.03955795615911484,1.2551894187927246,0.15913067758083344,0.11654144525527954,-1.8051092243262559,7.22176357292444,242,526
233,4,0.0,1.260772466659546,0.11331646144390106,0.15538859367370605,0.0,5.13586454467074,285,507
233,5,0.03296496346592903,1.0511212348937988,0.08262422680854797,0.19423574209213257,1.7963050795849795,4.492339156285765,253,472
233,6,0.0,1.263620138168335,0.07517937570810318,0.23308289051055908,0.0,3.4048122751786134,183,486
233,7,0.07252292335033417,2.3130362033843994,-0.1743791550397873,0.23308289051055908,1.7958631978190889,-4.309247530931863,91,445
233,8,-0.06592992693185806,1.0528020858764648,0.005516157951205969,0.2719300389289856,-3.583370650773778,0.29961166311900644,195,469
233,9,0.14504584670066833,2.313624382019043,-0.10912290960550308,0.2719300389289856,3.5872948710439583,-2.6950912071162634,76,438
233,10,-0.03955795615911484,1.2645835876464844,0.040636856108903885,0.3107771873474121,-1.791708444156068,1.8396429345145746,232,433
233,11,0.0,2.5317091941833496,0.0,0.3107771873474121,0.0,0.0,80,405
233,12,0.0,1.263589859008789,-0.07568781822919846,0.3496243357658386,0.0,-3.427866441698274,159,433
233,13,0.07252292335033417,2.311180591583252,-0.19745640456676483,0.3496243357658386,1.7973041238014549,-4.880833140226356,70,403
233,14,-0.03296496346592903,1.0533924102783203,0.0452449731528759,0.38847148418426514,-1.792434670366934,2.4582363446693964,123,450
233,15,0.0,2.3207335472106934,0.0,0.38847148418426514,0.0,0.0,112,394
233,16,-0.07252292335033417,2.3177497386932373,0.09263528138399124,0.42731863260269165,-1.792213391138677,2.287647745832667,107,401
233,17,-0.07252292335033417,2.3177497386932373,0.09263528138399124,0.46616578102111816,-1.792213391138677,2.287647745832667,76,417
233,18,0.0,1.2633533477783203,0.07953739166259766,0.6604015231132507,0.0,3.6024364739007844,137,428
233,19,0.0,1.2652897834777832,0.03781181946396828,0.6992486715316772,0.0,1.7117131029479113,151,426
233,20,0.0,1.4659578800201416,-0.17887212336063385,0.7380958199501038,0.0,-6.9566842815581955,81,427
233,21,0.0,1.264280915260315,-0.06310022622346878,0.7769429683685303,0.0,-2.857259896908221,106,421
233,22,0.0,1.2657899856567383,0.012787261977791786,0.8157901167869568,0.0,0.5787936623938719,142,424
233,23,-0.03955795615911484,1.2652356624603271,0.0014018494402989745,0.8546372652053833,-1.7907856381849716,0.06345125868375165,178,418
233,24,-0.07911591231822968,1.263007402420044,-0.03067529946565628,0.8934844136238098,-3.5843755065451095,-1.388577476734056,154,410
233,25,-0.11867386847734451,1.2428691387176514,0.20876015722751617,0.9323315620422363,-5.454283026452994,9.4923764606576,73,420
233,26,-0.11867386847734451,0.6166475415229797,-0.07911591231822968,-0.8934844136238098,-10.89339410424658,-7.180755430505082,73,404
233,27,-0.059336934238672256,0.6296330690383911,-0.02526416815817356,-0.8546372652053833,-5.383682414154553,-2.2876480597619353,120,413
233,28,-0.09889489412307739,0.6250327229499817,0.012284284457564354,-0.8157901167869568,-8.991006845079776,1.1121053153955556,177,401
233,29,-0.09889489412307739,0.6246240139007568,-0.025722229853272438,-0.7769429683685303,-8.996793716316478,-2.329147681872187,225,399
233,30,-0.07911591231822968,0.6278326511383057,0.012799983844161034,-0.7380958199501038,-7.182232046971788,1.1587982039164586,249,408
233,31,-0.07911591231822968,0.6277784109115601,0.015227661468088627,-0.6992486715316772,-7.182846112707043,1.3786179785522346,256,410
233,32,-0.07911591231822968,0.6275725364685059,0.022143926471471786,-0.6604015231132507,-7.185177814245309,2.0049893669811922,254,411
233,33,-0.059336934238672256,0.6286687850952148,0.04303118214011192,-0.6215543746948242,-5.391891547649467,3.898407269837267,255,405
233,34,-0.07911591231822968,0.6260566711425781,0.048894625157117844,-0.5827072262763977,-7.2023927409646955,4.4306030049466045,211,426
233,35,-0.059336934238672256,0.6260906457901001,0.07132025063037872,-0.5438600778579712,-5.413962821289365,6.470011622056767,178,438
233,36,-0.07911591231822968,0.6248984336853027,0.06196462735533714,-0.5050129294395447,-7.215601667419847,5.618350754189589,186,437
233,37,-0.07911591231822968,0.624042272567749,0.07006357610225677,-0.46616578102111816,-7.22539663453772,6.355534444093191,180,427
233,38,-0.09889489412307739,0.62259840965271,0.056462399661540985,-0.42731863260269165,-9.025583432326435,5.11806556135874,190,424
233,39,-0.07911591231822968,0.41444826126098633,-0.004050137475132942,-0.38847148418426514,-10.80742684605671,-0.5499668369523361,106,425
233,40,-0.09889489412307739,0.6214667558670044,0.06779251247644424,-0.3496243357658386,-9.041747216359992,6.1487163648497205,163,437
233,41,-0.03955795615911484,1.2562447786331177,0.1505727916955948,-0.23308289051055908,-1.8035937704432814,6.83147988981808,226,426
233,42,0.0,1.2560970783233643,0.15686894953250885,-0.19423574209213257,0.0,7.118585476503272,194,452
233,43,0.0,1.253162145614624,0.17880816757678986,-0.15538859367370605,0.0,8.120468900867099,213,459
233,44,-0.06592992693185806,1.028425693511963,0.22530685365200043,-0.11654144525527954,-3.6680767429448067,12.33255670991621,192,452
233,45,0.0,1.260504961013794,0.11625445634126663,-0.07769429683685303,0.0,5.269395733555265,247,491
233,46,-0.07911591231822968,1.259526014328003,0.09860435873270035,-0.07769429683685303,-3.5942569500838735,4.467608302879893,247,491
233,47,-0.03955795615911484,1.2592347860336304,0.12308883666992188,-0.038847148418426514,-1.7993140208072347,5.58012901182879,250,519
234,0,0.0,1.031627893447876,-0.22025711834430695,0.0,0.0,-12.051950843530445,197,503
234,1,0.0,1.0214815139770508,-0.2633343040943146,0.038847148418426514,0.0,-14.455892921886361,192,555
234,2,0.03955795615911484,1.2648495435714722,0.03128647431731224,0.07769429683685303,1.7913319527505105,1.4162490645560923,198,554
234,3,0.0,1.2426183223724365,0.24142813682556152,0.11654144525527954,0.0,10.99500611760625,161,501
234,4,0.0,1.2657335996627808,-0.017507845535874367,0.15538859367370605,0.0,-0.7924745702048708,155,480
234,5,0.0,1.2533015012741089,0.1778293401002884,0.19423574209213257,0.0,8.07571793973299,190,450
234,6,0.0,1.2514853477478027,0.1901903748512268,0.23308289051055908,0.0,8.641218580643425,252,445
234,7,0.0,1.2492986917495728,0.20406079292297363,0.2719300389289856,0.0,9.27678566176262,257,433
234,8,0.0,1.2550214529037476,0.16525426506996155,0.3107771873474121,0.0,7.501236604474655,205,429
234,9,0.0,1.2633533477783203,0.07953739166259766,0.3496243357658386,0.0,3.6024364739007844,160,434
234,10,0.07911591231822968,1.2502154111862183,0.1819065511226654,0.3496243357658386,3.6209531456222463,8.262154675446629,160,434
234,11,0.11867386847734451,1.2490363121032715,0.16796620190143585,0.38847148418426514,5.427513470022601,7.625062936293832,178,428
234,12,0.15823182463645935,1.255082130432129,0.04603695496916771,0.42731863260269165,7.185534385398623,2.0842085953875933,190,431
234,13,-0.07911591231822968,1.2438411712646484,-0.22133205831050873,0.5050129294395447,-3.6394594846206805,-10.06980816248837,93,440
234,14,0.0,1.2603952884674072,0.11743786185979843,0.5438600778579712,0.0,5.323189191875873,118,446
234,15,0.0,1.2475141286849976,0.21470093727111816,0.5827072262763977,0.0,9.765113661158532,112,438
234,16,0.03296496346592903,1.0501787662506104,0.09384695440530777,0.6604015231132507,1.797916091572516,5.104048452163318,125,421
234,17,-0.06592992693185806,1.0391613245010376,0.16901615262031555,0.6604015231132507,-3.630283512929654,9.219856257892925,125,421
234,18,0.0,1.0516667366027832,-0.08225853741168976,0.6992486715316772,0.0,-4.472415605793834,108,421
234,19,-0.09889489412307739,1.0164918899536133,-0.26407092809677124,0.7380958199501038,-5.5568402639879695,-14.497214786650135,115,421
234,20,-0.15823182463645935,1.2555451393127441,-0.030934007838368416,0.7769429683685303,-7.182912249093242,-1.4002908188018066,121,426
234,21,-0.15823182463645935,1.241953730583191,-0.1868194043636322,0.8157901167869568,-7.2606845744949196,-8.486919678004455,122,426
234,22,-0.07911591231822968,1.2575043439865112,-0.12170186638832092,0.8157901167869568,-3.6000201973101738,-5.517055862455499,122,426
234,23,-0.18460379540920258,1.2037633657455444,-0.8354059457778931,0.8546372652053833,-8.71870076226895,-34.44917463044678,140,420
234,24,-0.09230189770460129,1.3911272287368774,-0.4871070384979248,1.0100258588790894,-3.7960359306203557,-19.25862541798894,135,427
234,25,0.0,1.235042929649353,0.2775910794734955,1.048872947692871,0.0,12.667419448200489,133,427
234,26,0.0,1.2601711750030518,0.11981853097677231,1.0877201557159424,0.0,5.431420726292583,147,419
234,27,-0.06592992693185806,1.0326088666915894,0.20528414845466614,1.1265673637390137,-3.6532574223099994,11.221619166842128,146,408
234,28,-0.07911591231822968,0.7858945727348328,0.2971242666244507,1.1654144525527954,-5.748591901339575,20.6147978861931,112,410
234,29,0.0,1.2608779668807983,-0.11213640123605728,1.1654144525527954,0.0,-5.082239000881916,129,408
234,30,-0.11867386847734451,1.2377279996871948,-0.23734773695468903,1.1654144525527954,-5.476800960936588,-10.806922288183708,129,408
234,31,0.0,1.2565354108810425,-0.15331897139549255,1.2042615413665771,0.0,-6.956684197326705,115,410
234,32,0.0,1.4606584310531616,-0.21795597672462463,1.2431087493896484,0.0,-8.486920015770277,75,408
234,33,-0.13845284283161163,1.406605839729309,-0.42815732955932617,1.2431087493896484,-5.621541049374335,-16.85295076003933,75,408
234,34,-0.07911591231822968,0.7728682160377502,0.32952651381492615,1.2819559574127197,-5.844816628952654,22.984314944704312,80,427
234,35,0.046150948852300644,1.4732204675674438,0.09230189770460129,1.2819559574127197,1.794293642052232,3.5833215589721723,86,408
234,36,-0.35602161288261414,1.8646131753921509,-0.04288136214017868,1.2819559574127197,-10.809713514752852,-1.2940559624328087,75,406
234,37,-0.15823182463645935,1.6671468019485474,-0.21041379868984222,1.3208030462265015,-5.421801477602049,-7.161528074703818,92,412
234,38,0.0,1.0213819742202759,0.26371970772743225,1.3596501350402832,0.0,14.477513042655318,72,420
234,39,0.0,1.0516667366027832,0.08225853741168976,1.3984973430633545,0.0,4.472415605793834,87,409
234,40,-0.18460379540920258,1.4179686307907104,-0.36920759081840515,1.4373445510864258,-7.4175559409780805,-14.477512465591982,82,401
234,41,-0.23075474798679352,1.3837591409683228,-0.46150949597358704,1.4761916399002075,-9.467487897265753,-18.209956295268043,85,401
234,42,-0.13845284283161163,1.4440158605575562,-0.27690568566322327,1.4761916399002075,-5.476801338750561,-10.806923013918386,85,401
234,43,-0.27690568566322327,1.3407624959945679,-0.5538113713264465,1.5150387287139893,-11.669146295179061,-22.02431254388517,82,414
234,44,-0.13845284283161163,1.4552230834960938,-0.21020133793354034,1.5927331447601318,-5.434875947773085,-8.182855269442141,105,408
234,45,-0.23075474798679352,1.42531418800354,-0.3102578818798065,1.6315802335739136,-9.196248268814369,-12.127252262853125,118,411
234,46,-0.23075474798679352,1.457499623298645,0.05894972383975983,1.6704273223876953,-8.996528850956546,2.287647920244149,112,414
234,47,-0.07911591231822968,1.2448809146881104,0.21540698409080505,1.7092745304107666,-3.636427912652436,9.797542550031206,143,392
234,48,-0.09889489412307739,0.9971561431884766,0.3296496272087097,1.748121738433838,-5.663898345398814,18.209955588428958,118,405
234,49,-0.059336934238672256,0.598293662071228,0.19778978824615479,1.9423574209213257,-5.663898357669036,18.20995729093768,73,400
234,50,-0.27690568566322327,0.5172874331474304,-0.23734773695468903,1.9423574209213257,-28.16029159685559,-22.024311987474857,73,400
234,51,-0.07911591231822968,0.49895772337913513,0.38128578662872314,2.0200517177581787,-9.009944111029398,37.04315530023593,77,414
234,52,0.0,0.8439030647277832,0.0,2.097745895385742,0.0,0.0,107,400
234,53,0.0,1.0544395446777344,-0.030441628769040108,2.1365931034088135,0.0,-1.653667606845927,124,397
234,54,0.0,1.054878830909729,0.0,2.1754403114318848,0.0,0.0,122,398
234,55,0.0,1.2591983079910278,-0.1296442449092865,2.214287519454956,0.0,-5.878333162505145,106,415
234,56,0.0,0.9433973431587219,-0.4719860553741455,2.2531347274780273,0.0,-26.579012554448838,109,406
234,57,0.0,1.054878830909729,0.0,2.2919816970825195,0.0,0.0,106,400
234,58,0.0,1.054878830909729,0.0,2.330828905105591,0.0,0.0,80,409
234,59,-0.06592992693185806,1.04452645778656,-0.13185985386371613,2.330828905105591,-3.6116863116852995,-7.180755953653309,80,409
234,60,0.0,1.4768303632736206,0.0,2.369676113128662,0.0,0.0,77,405
234,61,0.0,1.2658545970916748,0.0,-1.4373445510864258,0.0,0.0,74,396
234,62,0.0,1.1846415996551514,0.4461079239845276,-0.8157901167869568,0.0,20.635183629588788,76,402
234,63,-0.35602161288261414,0.9841904640197754,-0.7120432257652283,-0.8157901167869568,-19.887112536207475,-34.22886775815807,76,402
234,64,0.11867386847734451,1.2056621313095093,0.3669919967651367,-0.7769429683685303,5.621541278557149,16.85295097833235,75,408
234,65,0.0,1.2256584167480469,0.3164636492729187,-0.5827072262763977,0.0,14.477512503083895,84,406
234,66,0.15823182463645935,1.1740264892578125,0.4461079239845276,-0.5827072262763977,7.675901849053837,20.635185055717336,84,406
234,67,0.0,1.0523203611373901,0.07342430204153061,-0.5438600778579712,0.0,3.99127084446986,94,405
234,68,-0.07911591231822968,1.2630562782287598,0.028587576001882553,-0.38847148418426514,-3.5842371654809075,1.2940560331962514,203,390
234,69,-0.11867386847734451,1.2596327066421509,-0.04037248715758324,-0.3496243357658386,-5.382124898032499,-1.8276707144279372,238,408
234,70,-0.07911591231822968,1.2629634141921997,-0.032437145709991455,-0.3107771873474121,-3.5845000226219397,-1.4683478482616759,190,409
234,71,-0.03955795615911484,1.2652148008346558,-0.007384018506854773,-0.2719300389289856,-1.7908151465133204,-0.3342212437332213,249,417
234,72,-0.03955795615911484,1.2610657215118408,0.10264649242162704,-0.23308289051055908,-1.7967033186339496,4.6511464338678135,243,421
234,73,0.09889489412307739,1.0202453136444092,0.24917584657669067,-0.19423574209213257,5.536524222828634,13.66312226368616,199,421
234,74,0.03955795615911484,1.25055992603302,0.19215373694896698,-0.15538859367370605,1.8117871775544625,8.731116236195769,228,445
234,75,0.13185985386371613,0.9941647052764893,0.32713738083839417,-0.11654144525527954,7.55526019231776,18.066368590295134,200,492
234,76,-0.4285445213317871,2.3076930046081543,-1.418880820274353,-0.11654144525527954,-10.520135433848884,-31.153510159990542,69,448
234,77,0.13185985386371613,0.9542555809020996,0.42985886335372925,-0.07769429683685303,7.8673593705315605,24.04763146769219,142,543
234,78,-0.07911591231822968,1.0997974872589111,0.6217507719993591,-0.038847148418426514,-4.114587296696322,29.417561717529992,126,552
235,0,0.03955795615911484,0.6313289403915405,-0.02135230414569378,0.0,3.5853651247913736,-1.9332853299774901,129,551
235,1,0.07911591231822968,1.2372651100158691,0.2555457651615143,0.0,3.658750798801968,11.646688426574302,217,515
235,2,0.0,2.2997591495513916,0.3113076090812683,0.0,0.0,7.7090028413214995,84,485
235,3,0.03955795615911484,1.2545757293701172,0.16389867663383484,0.038847148418426514,1.805991628623113,7.439353890424944,245,536
235,4,0.0,2.308530330657959,0.23768113553524017,0.038847148418426514,0.0,5.878333399259111,108,471
235,5,0.07911591231822968,1.2413668632507324,0.2348126471042633,0.07769429683685303,3.6466941453792177,10.690128712529038,194,505
235,6,-0.07252292335033417,2.3195745944976807,0.010891422629356384,0.07769429683685303,-1.790804339408342,0.2688955069431875,123,452
235,7,-0.09889489412307739,1.003684401512146,0.3092036843299866,0.11654144525527954,-5.627295902746756,17.044701108929647,193,486
235,8,-0.14504584670066833,2.315603256225586,0.0524105578660965,0.11654144525527954,-3.5842372264202895,1.2940560346868786,89,449
235,9,-0.13185985386371613,0.9922980666160583,0.33275651931762695,0.15538859367370605,-7.56930795926549,18.38769516175079,200,468
235,10,-0.13185985386371613,0.8310616612434387,0.06420182436704636,0.19423574209213257,-9.015644209559747,4.36312104700103,126,440
235,11,-0.07911591231822968,0.7983947396278381,0.26168471574783325,0.23308289051055908,-5.659177179914385,18.0645698003259,212,454
235,12,-0.13185985386371613,0.7747979760169983,0.30736538767814636,0.2719300389289856,-9.658408832751608,21.359515790251717,200,448
235,13,-0.1054878830909729,0.8050824403762817,0.2299714833498001,0.3107771873474121,-7.464793591488108,15.813643879380702,240,427
235,14,-0.13185985386371613,0.9996015429496765,0.31012749671936035,0.3496243357658386,-7.514637984114212,17.097191907898384,250,438
235,15,-0.06592992693185806,2.104600667953491,-0.13185985386371613,0.38847148418426514,-1.794293642052232,-3.583321558972172,69,413
235,16,-0.1054878830909729,0.7971712350845337,0.25605225563049316,0.42731863260269165,-7.538027151374673,17.662789086833143,239,454
235,17,-0.09889489412307739,0.9979544281959534,0.3272249698638916,0.46616578102111816,-5.659397095726302,18.0713721580623,268,428
235,18,-0.09889489412307739,0.9961903691291809,0.33255672454833984,0.5050129294395447,-5.669353556378915,18.376259376547264,270,433
235,19,-0.09889489412307739,0.9965493083000183,0.3314794600009918,0.5438600778579712,-5.667324852448306,18.314615296028624,234,467
235,20,-0.09889489412307739,0.998673141002655,0.32502487301826477,0.5827072262763977,-5.6553506219188,17.945718153399817,209,469
235,21,-0.1054878830909729,0.7833986282348633,0.29551857709884644,0.6215543746948242,-7.668986300536868,20.498369499064122,145,498
235,22,-0.07911591231822968,0.7965632081031799,0.26720812916755676,0.6604015231132507,-5.672104528578854,18.459464529864565,134,496
235,23,-0.07911591231822968,0.7858945727348328,0.2971242666244507,0.6992486715316772,-5.748591901339575,20.6147978861931,123,486
235,24,-0.13185985386371613,1.005769968032837,0.2894980311393738,0.7380958199501038,-7.469072363372588,15.92847987703644,76,461
235,25,-0.09889489412307739,0.9971561431884766,0.3296496272087097,0.8157901167869568,-5.663898345398814,18.209955588428958,72,445
235,26,0.0,0.8267257213592529,0.655205249786377,2.1365931034088135,0.0,38.39789374714246,112,405
235,27,0.0,0.8843337893486023,0.5750853419303894,2.1754403114318848,0.0,33.03608959143533,172,383
235,28,0.0,0.8759137392044067,0.5878303050994873,2.214287519454956,0.0,33.86576911920335,116,400
235,29,0.06592992693185806,0.9381329417228699,0.47783806920051575,2.2919816970825195,4.020012260832863,26.934980976697844,84,414
235,30,0.03296496346592903,0.8450562357902527,0.6305256485939026,2.369676113128662,2.2339295598034807,36.70701444935771,122,404
235,31,0.09889489412307739,0.8065587282180786,0.6726456880569458,2.369676113128662,6.990337693761253,39.61696236556198,122,404
235,32,0.13185985386371613,0.985234797000885,-0.3531213700771332,-2.486217498779297,7.62293738319738,-19.557375774901356,125,403
235,33,-0.23075474798679352,0.8053700923919678,0.6410152912139893,-2.486217498779297,-15.988073953863225,37.42101869970491,125,403
235,34,0.13185985386371613,0.9706293940544128,-0.3914855122566223,-2.4473702907562256,7.7362634395499175,-21.784641716656985,133,404
235,35,0.16482481360435486,0.9341365694999695,-0.46150949597358704,-2.4085230827331543,10.006622621748319,-25.94448004375797,127,407
235,36,0.16482481360435486,0.956200361251831,-0.41386353969573975,-2.369676113128662,9.780235497597147,-23.099729280364368,121,405
235,37,0.16482481360435486,0.9209520816802979,-0.48728781938552856,-2.330828905105591,10.146922643745688,-27.51218477141502,104,409
235,38,0.13185985386371613,0.9877658486366272,-0.3459782302379608,-2.2919816970825195,7.60363318431128,-19.146162285853347,112,409
235,39,0.16482481360435486,0.9464356899261475,-0.4357311427593231,-2.2531347274780273,9.87916297045217,-24.397377105633748,97,421
235,40,0.06592992693185806,0.896957278251648,-0.551262378692627,-2.214287519454956,4.203907521905256,-31.505714895015338,92,400
235,41,0.0,1.25199294090271,0.1868194043636322,-0.5827072262763977,0.0,8.486919825176399,77,414
235,42,0.0,1.25199294090271,0.1868194043636322,-0.42731863260269165,0.0,8.486919825176399,72,412
235,43,0.07911591231822968,1.2408039569854736,0.2377692013978958,-0.38847148418426514,3.648344046662714,10.82634409285344,99,407
235,44,0.23734773695468903,1.2332950830459595,0.15823182463645935,-0.38847148418426514,10.89339410424658,7.180755430505082,99,407
235,45,0.0,1.253242015838623,0.1782476305961609,-0.3496243357658386,0.0,8.094841315381736,162,401
235,46,0.0,1.261780023574829,0.10148479789495468,-0.3107771873474121,0.0,4.598393294003253,198,420
235,47,0.0,1.2579959630966187,0.14083397388458252,-0.2719300389289856,0.0,6.387725645271813,185,449
235,48,-0.03955795615911484,1.2421447038650513,0.24062354862689972,-0.23308289051055908,-1.8240533221675923,10.957909245435857,175,437
235,49,0.15823182463645935,1.2005800008773804,-0.3687252104282379,-0.19423574209213257,7.50809043750578,-16.93493809081844,171,417
235,50,-0.23734773695468903,1.1149985790252686,0.5503019690513611,-0.19423574209213257,-12.017082469185901,25.767962341086257,171,417
235,51,-0.07911591231822968,1.2553951740264893,0.14181482791900635,-0.15538859367370605,-3.6060525892221835,6.432401346728156,246,441
235,52,-0.03955795615911484,1.2519131898880005,0.1831299066543579,-0.11654144525527954,-1.8098300173783224,8.318111204270098,269,484
235,53,-0.03955795615911484,1.2234523296356201,-0.3224710524082184,-0.07769429683685303,-1.851902649249077,-14.758518233729486,188,543
235,54,-0.07252292335033417,2.31941556930542,0.02925947681069374,-0.07769429683685303,-1.7909270416766447,0.7223961325240711,91,508
235,55,0.07911591231822968,1.2541519403457642,0.15241938829421997,-0.038847148418426514,3.609617802332645,6.915666289897633,240,577
235,56,0.0,2.3074474334716797,0.24797143042087555,-0.038847148418426514,0.0,6.133789976045568,102,534
236,0,0.059336934238672256,0.6252700686454773,0.0781882107257843,0.0,5.42102557040709,7.096119851823221,119,549
236,1,0.03955795615911484,1.2469648122787476,0.21424724161624908,0.0,1.817007229436082,9.74427711406219,185,517
236,2,0.0,2.50398588180542,0.3736388087272644,0.0,0.0,8.486919825176399,83,459
236,3,0.15823182463645935,1.2462968826293945,-0.15522520244121552,0.038847148418426514,7.2356508319367645,-7.043612695616241,125,529
236,4,0.03955795615911484,1.2525557279586792,0.17868202924728394,0.07769429683685303,1.8089022247994029,8.114701197468156,223,498
236,5,0.0,1.2385106086730957,0.2616855800151825,0.11654144525527954,0.0,11.930580291141977,248,458
236,6,0.0,1.2407331466674805,0.25093668699264526,0.15538859367370605,0.0,11.433765272707149,192,461
236,7,0.0,1.0962622165679932,-0.6329272985458374,0.19423574209213257,0.0,-30.000000532410255,91,434
236,8,0.0,1.1273407936096191,0.5757521390914917,0.23308289051055908,0.0,27.054174849830968,77,431
236,9,0.0,1.1273407936096191,0.5757521390914917,0.3107771873474121,0.0,27.054174849830968,74,429
236,10,0.0,1.4690645933151245,0.15125161409378052,0.3496243357658386,0.0,5.878333365535433,88,416
236,11,-0.09230189770460129,1.454825758934021,0.236622616648674,0.3496243357658386,-3.6302837502673357,9.219856963645077,88,416
236,12,0.0,1.2512589693069458,0.19167380034923553,0.38847148418426514,0.0,8.709139504252754,147,405
236,13,-0.23075474798679352,1.3433586359024048,0.5684785842895508,0.42731863260269165,-9.746831441161634,22.639489338948856,130,395
236,14,-0.06592992693185806,0.8208209872245789,0.6592992544174194,0.46616578102111816,-4.5922488001131825,38.68218631026033,112,410
236,15,-0.09889489412307739,0.9267084002494812,0.49416670203208923,0.5050129294395447,-6.091340086016811,27.93426481488019,178,413
236,16,-0.09889489412307739,0.9413833022117615,0.4656035304069519,0.5438600778579712,-5.997081697072394,26.19203082833883,168,412
236,17,-0.13185985386371613,0.9039856195449829,0.5274394154548645,0.5827072262763977,-8.298921024947965,29.999999878523614,86,414
236,18,0.0,1.2591983079910278,0.1296442449092865,-0.3496243357658386,0.0,5.878333162505145,73,392
236,19,0.0,1.2591983079910278,0.1296442449092865,-0.3107771873474121,0.0,5.878333162505145,112,395
236,20,0.0,1.2505590915679932,0.19618825614452362,-0.2719300389289856,0.0,8.915916264250052,118,414
236,21,0.0,1.25199294090271,0.1868194043636322,-0.23308289051055908,0.0,8.486919825176399,167,408
236,22,0.0,1.26503324508667,-0.045592378824949265,-0.19423574209213257,0.0,-2.06407282026815,165,427
236,23,0.0,1.2630304098129272,0.08451162278652191,-0.15538859367370605,0.0,3.828056874841118,210,433
236,24,0.03296496346592903,1.0462181568145752,0.13080616295337677,-0.11654144525527954,1.8047178692665051,7.123075672225063,172,491
236,25,0.059336934238672256,0.6277899146080017,0.05436825007200241,-0.07769429683685303,5.399395312537988,4.927761822998783,108,567
236,26,-0.03955795615911484,1.231506586074829,0.2901971638202667,-0.07769429683685303,-1.8397992512756798,13.25292072927096,160,543
236,27,0.07252292335033417,2.3014862537384033,-0.2893189787864685,-0.07769429683685303,1.8048697450846576,-7.161528220805658,74,512
236,28,0.059336934238672256,0.6288350820541382,0.04052837938070297,-0.038847148418426514,5.390474049171131,3.6713455946888405,125,590
236,29,0.0,1.2349165678024292,0.27815255522727966,-0.038847148418426514,0.0,12.6934689024762,202,557
237,0,0.06592992693185806,1.033920407295227,0.19857320189476013,0.0,3.6486357471331825,10.850245202209294,226,532
237,1,0.06592992693185806,1.0294908285140991,0.2203889787197113,0.038847148418426514,3.6642920110343873,12.059273732533203,211,590
237,2,0.06592992693185806,1.016503930091858,0.2741212844848633,0.07769429683685303,3.7109771702391976,15.061780870128258,198,555
237,3,-0.13185985386371613,0.9505289196968079,-0.4380377531051636,0.11654144525527954,-7.897815795740574,-24.535020812952865,120,492
237,4,0.19778978824615479,1.0298572778701782,-0.11420360207557678,0.11654144525527954,10.871593994565856,-6.215154314407295,120,492
237,5,0.0,1.0341808795928955,0.20794035494327545,0.15538859367370605,0.0,11.368741375007678,176,462
237,6,-0.03296496346592903,1.0093821287155151,0.3046806752681732,0.19423574209213257,-1.8705326290747952,16.787924583746804,186,429
237,7,-0.03296496346592903,0.9738752841949463,0.40404149889945984,0.23308289051055908,-1.938679876150495,22.5209813314861,197,432
237,8,-0.03296496346592903,0.9601150751113892,0.4357311427593231,0.2719300389289856,-1.9664430528067212,24.39737813405469,194,420
237,9,-0.06592992693185806,0.9392191767692566,0.47569939494132996,0.3107771873474121,-4.015378213341024,26.804760251022856,176,409
237,10,-0.03296496346592903,0.9127538800239563,0.5277906656265259,0.3496243357658386,-2.068391883686707,30.022032447549087,139,404
237,11,-0.09889489412307739,0.9971561431884766,0.3296496272087097,0.38847148418426514,-5.663898345398814,18.209955588428958,90,404
237,12,0.07911591231822968,1.2593315839767456,0.10105667263269424,-0.15538859367370605,3.594810418510692,4.578953201633222,102,410
237,13,0.0,1.2620000839233398,0.09871024638414383,-0.11654144525527954,0.0,4.472415673034881,114,425
237,14,-0.09889489412307739,1.0299121141433716,-0.2055971771478653,-0.07769429683685303,-5.4848765480533075,-11.238953473918913,131,452
237,15,0.11867386847734451,1.2506828308105469,0.15523211658000946,-0.038847148418426514,5.420410756044325,7.043928144159283,190,483
237,16,0.2175687700510025,2.2867791652679443,0.330316424369812,-0.038847148418426514,5.434876290169833,8.182856028975735,78,441
238,0,-0.03296496346592903,1.0317864418029785,-0.2170240581035614,0.0,-1.8299436200498826,-11.872448578583908,205,533
238,1,-0.06592992693185806,1.0190869569778442,-0.2643563747406006,0.038847148418426514,-3.7015973326563474,-14.513230251990489,199,581
238,2,-0.07911591231822968,1.261462688446045,-0.06957394629716873,0.07769429683685303,-3.588753260795969,-3.1506802387601156,231,550
238,3,0.0,1.2600371837615967,0.12121943384408951,0.11654144525527954,0.0,5.495118512090988,246,541
238,4,0.0,1.2623833417892456,0.09368108958005905,0.15538859367370605,0.0,4.2441231369813295,254,494
238,5,0.0,1.264280915260315,-0.06310022622346878,0.19423574209213257,0.0,-2.857259896908221,169,440
238,6,0.0,1.0014744997024536,0.33138835430145264,0.23308289051055908,0.0,18.30940243197021,175,413
238,7,0.0,0.9872012734413147,0.37175658345222473,0.2719300389289856,0.0,20.635183760603045,116,419
238,8,0.0,1.2116162776947021,0.36657050251960754,0.38847148418426514,0.0,16.83301719396295,116,399
238,9,0.0,1.246984839439392,0.21775341033935547,0.42731863260269165,0.0,9.905337994415452,78,408
238,10,0.03955795615911484,1.2478951215744019,0.20876015722751617,0.5050129294395447,1.8156535524813437,9.492376809488906,71,408
238,11,-0.13185985386371613,1.0128347873687744,0.26371970772743225,-0.38847148418426514,-7.4175555709862815,14.477511777662764,82,420
238,12,-0.03296496346592903,0.9456433653831482,0.46630600094795227,-0.3496243357658386,-1.9965124605240818,26.234559594522565,141,429
238,13,-0.06592992693185806,0.9854451417922974,0.37056782841682434,-0.3107771873474121,-3.8275955885866737,20.566204865798003,137,430
238,14,-0.06592992693185806,0.940362811088562,0.473434716463089,-0.2719300389289856,-4.010510804292578,26.66702835881597,198,427
238,15,-0.09889489412307739,0.9410478472709656,0.4662811756134033,-0.23308289051055908,-5.999203886545518,26.233055915387702,184,426
238,16,-0.16482481360435486,0.9341365694999695,0.46150949597358704,-0.19423574209213257,-10.006622621748319,25.94448004375797,111,427
238,17,0.0,1.263649582862854,0.07468299567699432,-0.15538859367370605,0.0,3.3823053657871,81,430
238,18,-0.11867386847734451,1.1176384687423706,0.5823989510536194,-0.11654144525527954,-6.061109375116482,27.392503602067503,83,428
238,19,0.0,1.2338231801986694,0.28296321630477905,-0.07769429683685303,0.0,12.916765007693117,161,474
238,20,0.0,1.2191176414489746,0.34079334139823914,-0.038847148418426514,0.0,15.617855723147073,147,516
239,0,0.06592992693185806,1.04230535030365,0.14839892089366913,0.0,3.619362222073908,8.087117877514054,221,538
239,1,-0.5142533779144287,2.2906837463378906,-1.417967438697815,0.0,-12.652991120213752,-31.131216323499764,97,476
239,2,0.06592992693185806,1.033577799797058,0.2003486305475235,0.038847148418426514,3.6498419181016484,10.948449604766324,229,585
239,3,0.09889489412307739,1.031067967414856,0.1997198611497879,0.07769429683685303,5.4787652960110504,10.913666981578288,249,531
239,4,-0.07911591231822968,1.2631964683532715,-0.021519284695386887,0.11654144525527954,-3.5838404219771256,-0.9740641950199362,207,489
239,5,0.0,1.264170527458191,0.06527500599622726,0.15538859367370605,0.0,2.9558226618779373,232,456
239,6,0.03955795615911484,1.241249680519104,0.24519860744476318,0.19423574209213257,1.8253676961214536,11.168909544257478,166,441
239,7,0.03955795615911484,1.2335854768753052,0.28122925758361816,0.23308289051055908,1.836700868641266,12.836256943091762,138,435
239,8,0.0,1.2023190259933472,0.39600104093551636,0.2719300389289856,0.0,18.230041045274284,104,434
239,9,0.03296496346592903,1.0096261501312256,0.3038713037967682,0.3496243357658386,1.8700808520713192,16.7420110207085,73,427
239,10,0.13185985386371613,0.9783554673194885,0.37175658345222473,0.3496243357658386,7.675901386987957,20.635182915109276,73,427
239,11,0.0,1.0103822946548462,0.7625715732574463,0.38847148418426514,0.0,37.04315756515646,69,402
239,12,0.0,1.2256584167480469,0.3164636492729187,0.42731863260269165,0.0,14.477512503083895,105,407
239,13,0.03955795615911484,1.2089383602142334,0.3732173442840576,0.46616578102111816,1.874119997284813,17.147600462439534,151,405
239,14,0.03955795615911484,1.1989514827728271,0.4041513502597809,0.5050129294395447,1.889719537913817,18.618876978781152,152,390
239,15,-0.2109757661819458,1.6205356121063232,-0.4219515323638916,-0.6992486715316772,-7.417555786814828,-14.477512178954797,71,411
239,16,-0.2109757661819458,1.6205356121063232,-0.4219515323638916,-0.6604015231132507,-7.417555786814828,-14.477512178954797,71,420
239,17,0.0,1.4299348592758179,-0.36920759081840515,-0.46616578102111816,0.0,-14.477512117675756,71,414
239,18,-0.07911591231822968,1.253431797027588,-0.15823182463645935,-0.42731863260269165,-3.6116861746512954,-7.180755684403435,85,411
239,19,-0.09889489412307739,0.9850391745567322,0.3642622232437134,-0.38847148418426514,-5.733108639471096,20.200837102771764,183,412
239,20,-0.13185985386371613,0.975908637046814,0.378133088350296,-0.3496243357658386,-7.694916358894184,21.005720855163947,198,423
239,21,-0.13185985386371613,0.9989110231399536,0.31234461069107056,-0.3107771873474121,-7.5197732199656695,17.223224479972025,141,435
239,22,-0.13185985386371613,1.0199743509292603,0.23459485173225403,-0.2719300389289856,-7.366206765956887,12.849466963110997,92,437
239,23,-0.06592992693185806,1.0360194444656372,0.18731319904327393,-0.2719300389289856,-3.641263302036281,10.228161151176941,92,437
239,24,0.0,1.1846415996551514,0.4461079239845276,-0.19423574209213257,0.0,20.635183629588788,145,441
239,25,0.0,1.2055301666259766,0.38611507415771484,-0.15538859367370605,0.0,17.759562435672446,150,457
239,26,-0.07911591231822968,1.2052088975906372,0.3789462447166443,-0.11654144525527954,-3.7557915130523924,17.41916674260584,180,446
239,27,0.0,1.221306562423706,0.3328636884689331,-0.07769429683685303,0.0,15.24551535455072,218,469
239,28,-0.03955795615911484,1.211553692817688,0.36463770270347595,-0.038847148418426514,-1.8700772849238327,16.741640119758532,191,519
240,0,0.0,1.2627134323120117,0.0891212448477745,0.0,0.0,4.037192842319025,207,542
240,1,0.16482481360435486,0.978495180606842,0.35797953605651855,0.038847148418426514,9.561555586018498,19.837647006604254,175,562
240,2,0.0,2.2910730838775635,-0.36984947323799133,0.038847148418426514,0.0,-9.17018456150962,71,511
240,3,0.19778978824615479,0.9495450258255005,0.4147443175315857,0.07769429683685303,11.766433036753943,23.1517484940894,165,545
240,4,-0.19778978824615479,0.9296724796295166,-0.4575561285018921,0.07769429683685303,-12.010719747808768,-25.70592814279138,165,545
240,5,-0.4285445213317871,2.1147403717041016,-1.693086862564087,0.07769429683685303,-11.45565368367535,-38.11996298281048,95,480
240,6,0.0,1.2657644748687744,0.015106508508324623,0.11654144525527954,0.0,0.6837749893409024,204,491
240,7,-0.03955795615911484,1.2642889022827148,-0.04895564168691635,0.15538859367370605,-1.792125790215422,-2.2164088215331357,226,460
240,8,0.0,1.2614368200302124,0.10566525161266327,0.19423574209213257,0.0,4.7882478666390345,186,433
240,9,-0.07911591231822968,1.2624156475067139,0.04934781789779663,0.23308289051055908,-3.5860512923210726,2.23417318376322,222,425
240,10,-0.11867386847734451,1.2600184679031372,0.025648636743426323,0.2719300389289856,-5.380486803954146,1.1610015908288023,180,436
240,11,-0.07911591231822968,1.2578504085540771,0.11807192862033844,0.3107771873474121,-3.599032349784464,5.352013603421457,151,421
240,12,-0.11867386847734451,1.2597190141677856,0.03758082538843155,0.3496243357658386,-5.381758315968921,1.7012531784673945,151,413
240,13,-0.19778978824615479,1.2275720834732056,0.23734773695468903,0.38847148418426514,-9.15298897048809,10.80692251960495,87,410
240,14,-0.11867386847734451,1.213996171951294,0.33840441703796387,0.38847148418426514,-5.583194267354992,15.505613236626886,87,410
240,15,0.03955795615911484,1.201806902885437,0.39557957649230957,0.42731863260269165,1.88523292297383,18.209957571128275,78,403
240,16,-0.23734773695468903,1.1492249965667725,-0.47469547390937805,0.42731863260269165,-11.669146600545055,-22.02431305788535,78,403
240,17,-0.11867386847734451,1.2592661380767822,-0.05052833631634712,0.46616578102111816,-5.383682414154553,-2.2876480597619353,112,398
240,18,-0.19778978824615479,1.2216978073120117,-0.2659353017807007,0.5050129294395447,-9.196248967388101,-12.12725176537954,75,400
240,19,0.0,0.841985285282135,0.635476291179657,-1.4761916399002075,0.0,37.043155403617504,87,413
240,20,0.0,0.9521762728691101,0.4540151059627533,-1.4373445510864258,0.0,25.49266217275405,102,401
240,21,0.0,1.0274022817611694,0.23919425904750824,-0.6604015231132507,0.0,13.105832873832389,137,403
240,22,0.0,1.0160837173461914,0.28344863653182983,-0.6215543746948242,0.0,15.587076586828628,108,400
240,23,0.0,1.2256584167480469,0.3164636492729187,-0.5827072262763977,0.0,14.477512503083895,115,408
240,24,0.0,1.246984839439392,0.21775341033935547,-0.5438600778579712,0.0,9.905337994415452,149,413
240,25,-0.03955795615911484,1.2598083019256592,0.11707235872745514,-0.5050129294395447,-1.7984954380816103,5.306574508124651,116,409
240,26,0.0,1.0213819742202759,0.26371970772743225,-0.42731863260269165,0.0,14.477513042655318,82,411
240,27,-0.15823182463645935,0.8221966624259949,0.1054878830909729,-0.3107771873474121,-10.89339487506282,7.180755927238111,80,414
240,28,-0.06592992693185806,1.0251206159591675,0.2398967295885086,-0.2719300389289856,-3.6798704967782325,13.145010316054522,69,427
240,29,-0.19778978824615479,1.2016304731369019,-0.3454727232456207,-0.23308289051055908,-9.347138344740268,-15.83789440545492,104,438
240,30,0.0,1.2617677450180054,0.10163707286119461,-0.19423574209213257,0.0,4.605308013933804,141,491
240,31,-0.03955795615911484,1.257354497909546,0.14100658893585205,-0.15538859367370605,-1.8020029998207563,6.395587562669754,168,494
240,32,0.03955795615911484,1.2483270168304443,0.20616178214550018,-0.15538859367370605,1.8150257942535462,9.373155774742123,168,494
240,33,-0.03955795615911484,1.182960867881775,0.4488058090209961,-0.11654144525527954,-1.9152448305748462,20.765724960552394,162,459
240,34,0.03955795615911484,1.2548222541809082,0.16200020909309387,-0.07769429683685303,1.8056370549049534,7.352703701645972,229,514
240,35,0.03955795615911484,1.2565230131149292,0.1482323855161667,-0.038847148418426514,1.8031946606433273,6.7248019534386065,235,562
241,0,0.03955795615911484,1.2617251873016357,0.09419456124305725,0.0,1.795764850899799,4.267428359193346,258,525
241,1,0.03955795615911484,1.2529736757278442,0.17572727799415588,0.038847148418426514,1.8082992395674098,7.979631677694029,186,513
241,2,0.0,2.742684841156006,0.0,0.038847148418426514,0.0,0.0,74,485
241,3,0.0,1.2600842714309692,0.12072890996932983,0.07769429683685303,0.0,5.4728140986282945,250,479
241,4,-0.07911591231822968,1.2633663415908813,0.0058471160009503365,0.11654144525527954,-3.5833597916362456,0.26465618093528664,168,486
241,5,-0.5999622941017151,2.3921844959259033,-1.1999245882034302,0.11654144525527954,-14.079430297246384,-25.944478560528314,81,432
241,6,-0.07911591231822968,1.236975908279419,0.2569420635700226,0.15538859367370605,-3.659603880844631,11.711224385551665,131,485
241,7,0.0,1.262784481048584,0.08810915797948837,0.19423574209213257,0.0,3.9912704923949645,159,444
241,8,0.0,1.2591983079910278,0.1296442449092865,0.23308289051055908,0.0,5.878333162505145,172,415
241,9,0.0,1.2502883672714233,0.1979065239429474,0.2719300389289856,0.0,8.994648818484068,149,413
241,10,-0.07911591231822968,1.253431797027588,0.15823182463645935,0.3107771873474121,-3.6116861746512954,7.180755684403435,112,419
241,11,0.11867386847734451,1.225381851196289,0.29452288150787354,0.42731863260269165,5.5316410721225155,13.45415356648457,102,401
241,12,-0.3164636492729187,1.0495911836624146,-0.6329272985458374,0.42731863260269165,-16.778654911636753,-30.000000050801344,102,401
241,13,0.07911591231822968,1.2153469324111938,0.34505119919776917,0.46616578102111816,3.724550458390422,15.818064139078658,71,402
241,14,-0.27690568566322327,1.1040852069854736,-0.5538113713264465,0.46616578102111816,-14.079430183167915,-25.9444783815841,71,402
241,15,0.03955795615911484,1.201806902885437,0.39557957649230957,0.7769429683685303,1.88523292297383,18.209957571128275,72,407
241,16,0.07911591231822968,1.1828796863555908,0.4437614679336548,0.8157901167869568,3.8264808794090435,20.521738865338047,98,405
241,17,0.0,0.6600210666656494,0.5258750915527344,-2.4085230827331543,0.0,38.546260274024206,153,408
241,18,-0.05274394154548645,0.656656801700592,0.5274394154548645,-2.4085230827331543,-4.592248717102205,38.68218643784026,153,408
241,19,0.0,0.6561359167098999,0.5307146310806274,-2.2919816970825195,0.0,38.96761609817339,112,408
241,20,-0.05274394154548645,0.6772915720939636,0.5006661415100098,-2.2531347274780273,-4.4529100005854065,36.389720378167716,155,405
241,21,0.0,0.6613805890083313,0.5241641998291016,-2.214287519454956,0.0,38.39789324443542,160,407
241,22,-0.05274394154548645,0.6959320306777954,0.47441449761390686,-2.1754403114318848,-4.334100000752772,34.205795403315996,157,413
241,23,-0.05274394154548645,0.7065856456756592,0.4583963453769684,-2.1365931034088135,-4.268995598671025,32.90078880556064,203,426
241,24,-0.05274394154548645,0.7098328471183777,0.4533517062664032,-2.097745895385742,-4.249538354067498,32.49379573158133,231,416
241,25,-0.05274394154548645,0.6993210911750793,0.469404399394989,-2.05889892578125,-4.313175473686067,33.79549164511448,244,406
241,26,-0.05274394154548645,0.7017534375190735,0.4657602310180664,-2.0200517177581787,-4.29828170833027,33.498283006573445,243,407
241,27,-0.05274394154548645,0.7063524723052979,0.4587555229663849,-1.9812045097351074,-4.270399620607934,32.92983886011766,224,418
241,28,-0.05274394154548645,0.731769323348999,0.4170181453227997,-1.9423574209213257,-4.122594599034261,29.613984737744907,207,422
241,29,-0.05274394154548645,0.7379335761070251,0.4060104787349701,-1.903510332107544,-4.088274186272474,28.757944064179675,231,410
241,30,-0.05274394154548645,0.7411106824874878,0.4001818299293518,-1.8646631240844727,-4.070806996329639,28.307504237508706,258,392
241,31,-0.05274394154548645,0.7419466376304626,0.39862966537475586,-1.8258159160614014,-4.06623579066057,28.187877781650894,229,415
241,32,-0.07911591231822968,0.7447097897529602,0.38899925351142883,-1.7869688272476196,-6.064199492165287,27.448588973441595,222,409
241,33,-0.07911591231822968,0.7531066536903381,0.3724828362464905,-1.748121738433838,-5.9970813785775094,26.192031208641897,212,412
241,34,-0.05274394154548645,0.7666048407554626,0.34886589646339417,-1.7092745304107666,-3.935861280498609,24.418327694014767,155,410
241,35,-0.05274394154548645,0.7574517726898193,0.3683168292045593,-1.6704273223876953,-3.9832701460457733,25.877243403260163,210,412
241,36,-0.05274394154548645,0.751552939414978,0.38020873069763184,-1.6315802335739136,-4.014432449910291,26.778079051164017,204,422
241,37,-0.026371970772743225,0.7496647238731384,0.38662615418434143,-1.5927331447601318,-2.0147403790233542,27.267179330524463,188,418
241,38,-0.05274394154548645,0.7639785408973694,0.35458043217658997,-1.5538859367370605,-3.949348697645783,24.845146679524657,170,410
241,39,-0.05274394154548645,0.729839026927948,0.42038723826408386,-1.5150387287139893,-4.133460396815973,29.877440213000803,125,416
241,40,0.0,1.0962622165679932,-0.6329272985458374,-1.4761916399002075,0.0,-30.000000532410255,71,405
241,41,-0.1054878830909729,0.7441206574440002,0.38383474946022034,-1.2042615413665771,-8.06858954700986,27.054173890605785,98,420
241,42,-0.09889489412307739,0.9583442211151123,0.429610937833786,-1.1654144525527954,-5.891697709882215,24.03288607850683,170,407
241,43,-0.06592992693185806,0.9796188473701477,0.3857065737247467,-1.1265673637390137,-3.850291985974468,21.447013737795398,190,409
241,44,-0.07911591231822968,0.7800953984260559,0.31203246116638184,-1.0877201557159424,-5.791037140936443,21.70014853934164,192,414
241,45,-0.05274394154548645,0.783355176448822,0.3094271123409271,-1.048872947692871,-3.851957617159551,21.509895379741945,187,419
241,46,-0.09889489412307739,0.9630084037780762,0.41905128955841064,-1.0100258588790894,-5.863361466820181,23.406414561123164,147,413
241,47,-0.07911591231822968,0.7855736017227173,0.2979716658592224,-0.9711787104606628,-5.750924930473189,20.676281101002406,226,414
241,48,-0.07911591231822968,0.7867971062660217,0.2947259247303009,-0.9323315620422363,-5.7420417912388535,20.440925444961273,237,433
241,49,-0.05274394154548645,0.7849327921867371,0.30540305376052856,-0.8934844136238098,-3.844238905948674,21.21652859586798,208,439
241,50,-0.07911591231822968,0.7955455183982849,0.27022290229797363,-0.8157901167869568,-5.67931307873478,18.67538846679304,268,413
241,51,-0.07911591231822968,0.7983657717704773,0.2617731988430023,-0.7769429683685303,-5.659381184220995,18.070888022001363,267,419
241,52,-0.07911591231822968,0.8026045560836792,0.24847343564033508,-0.7380958199501038,-5.629684877485973,17.12357715483061,271,420
241,53,-0.07911591231822968,0.807460367679596,0.232208713889122,-0.6992486715316772,-5.596045267195104,15.971572949296398,282,416
241,54,-0.07911591231822968,0.8100066781044006,0.2231641411781311,-0.6604015231132507,-5.578564861796228,15.33385021404462,278,427
241,55,-0.09889489412307739,1.0167032480239868,0.2632559835910797,-0.6215543746948242,-5.555692304375363,14.451500110260278,277,434
241,56,-0.06592992693185806,1.020050287246704,0.26061493158340454,-0.5827072262763977,-3.698111268380113,14.303412786805715,263,447
241,57,-0.07911591231822968,0.8139222860336304,0.20843133330345154,-0.5438600778579712,-5.551895642977069,14.29916636557178,219,475
241,58,-0.07911591231822968,0.8181617259979248,0.19111375510692596,-0.5050129294395447,-5.523305933996047,13.088987752724824,196,480
241,59,-0.09889489412307739,1.0209823846817017,0.24613820016384125,-0.46616578102111816,-5.532552084434949,13.493388661642637,175,465
241,60,-0.1054878830909729,0.7990602254867554,0.25009486079216003,-0.38847148418426514,-7.5204113450820484,17.238804720027233,141,449
241,61,-0.13185985386371613,1.0318478345870972,0.17513501644134521,-0.3496243357658386,-7.282358889152727,9.556716032005674,162,438
241,62,-0.11867386847734451,1.2388514280319214,0.23141221702098846,-0.3107771873474121,-5.47186458754848,10.533538611315716,146,456
241,63,-0.03955795615911484,1.258533239364624,0.13006572425365448,-0.2719300389289856,-1.8003163561128448,5.89751187272842,134,473
241,64,0.0,1.043770432472229,0.15268489718437195,-0.23308289051055908,0.0,8.322318546794744,145,481
241,65,0.0,1.2628754377365112,0.08679667115211487,-0.19423574209213257,0.0,3.9317215363793507,139,501
241,66,0.0,2.3176522254943848,0.11955132335424423,-0.19423574209213257,0.0,2.95286780854817,88,466
241,67,-0.11867386847734451,1.1258639097213745,0.5663346648216248,-0.15538859367370605,-6.017153614012627,26.57655216267807,129,522
241,68,0.07252292335033417,2.307096242904663,0.24052363634109497,-0.15538859367370605,1.800483873802722,5.948886556133144,149,471
241,69,0.03955795615911484,1.2523343563079834,0.1802271008491516,-0.11654144525527954,1.809221766909413,8.185348493508016,285,523
241,70,0.07252292335033417,2.306967258453369,0.24175766110420227,-0.11654144525527954,1.8005844740842245,5.979518771807643,142,468
241,71,0.03955795615911484,1.2499639987945557,0.19599221646785736,-0.07769429683685303,1.812650380987324,8.906934859182192,336,542
241,72,0.03955795615911484,1.253051519393921,0.1751713752746582,-0.038847148418426514,1.808186976670117,7.95422486358553,294,573
242,0,0.07911591231822968,1.255441427230835,0.14140482246875763,0.0,3.6059200849079147,6.413726213425091,232,515
242,1,0.19778978824615479,1.2502198219299316,-0.014747989363968372,0.038847148418426514,8.989914776324948,-0.6675463794281781,152,485
242,2,0.07911591231822968,1.2620832920074463,0.05722271278500557,0.07769429683685303,3.586993173527844,2.5909274720783957,208,468
242,3,0.03955795615911484,1.2626020908355713,0.08160313218832016,0.11654144525527954,1.7945184704434827,3.69612701968994,187,440
242,4,-0.25712668895721436,2.681743860244751,-0.5142533779144287,0.11654144525527954,-5.476800691177353,-10.806921770009039,68,406
242,5,0.0,1.2605962753295898,0.11525986343622208,0.23308289051055908,0.0,5.224188608286568,120,448
242,6,0.0,1.2657066583633423,0.019356923177838326,0.2719300389289856,0.0,0.8761773849790573,147,436
242,7,0.0,1.263778567314148,0.07246909290552139,0.3107771873474121,0.0,3.281928593304178,147,435
242,8,-0.07911591231822968,1.2560526132583618,0.1358695924282074,0.3496243357658386,-3.604170096655838,6.161670853826326,125,431
242,9,0.0,1.4723334312438965,0.1151619479060173,0.42731863260269165,0.0,4.472415432888286,78,409
242,10,-0.13845284283161163,1.4701483249664307,-0.022860050201416016,0.42731863260269165,-5.380025393353173,-0.8869242916543809,78,409
242,11,0.0,1.2620000839233398,0.09871024638414383,0.46616578102111816,0.0,4.472415673034881,81,414
242,12,0.15823182463645935,1.249216914176941,0.1296442449092865,0.46616578102111816,7.218916203897228,5.8783334751560465,81,414
242,13,0.0,1.0493319034576416,-0.10803687572479248,0.5438600778579712,0.0,-5.87833354139408,82,402
242,14,0.0,1.0493319034576416,-0.10803687572479248,0.6604015231132507,0.0,-5.87833354139408,77,407
242,15,0.0,1.054878830909729,0.0,0.6992486715316772,0.0,0.0,67,402
242,16,-0.5933693647384644,1.3582844734191895,-1.1867387294769287,1.8646631240844727,-23.598210141458985,-38.68218898025378,79,414
242,17,0.17801080644130707,1.8565919399261475,0.35602161288261414,1.903510332107544,5.476801249614454,10.80692284269877,86,402
242,18,0.17801080644130707,1.888899326324463,0.07579249888658524,2.0200517177581787,5.383682188388362,2.287647747907751,97,390
242,19,-0.36920759081840515,1.6406563520431519,-0.14360465109348297,-2.0200517177581787,-12.682374935470497,-4.880832985648949,76,410
242,20,-0.3164636492729187,1.627278447151184,0.3170256018638611,-1.9812045097351074,-11.005182767247037,10.82634433286123,100,403
242,21,-0.15823182463645935,1.6705178022384644,0.18172141909599304,-1.9423574209213257,-5.410925622499953,6.180859082166937,101,398
242,22,-0.3164636492729187,1.6443933248519897,0.2109757661819458,-1.7869688272476196,-10.89339487506282,7.180755927238111,70,396
242,23,-0.1054878830909729,1.671242356300354,0.2109757661819458,-1.7869688272476196,-3.611686260297547,7.1807558526846025,70,396
242,24,-0.2109757661819458,1.5342354774475098,0.6710440516471863,-1.748121738433838,-7.829750474092442,23.427205466188443,77,400
242,25,-0.3164636492729187,1.0495911836624146,-0.6329272985458374,-1.6315802335739136,-16.778654911636753,-30.000000050801344,71,400
242,26,-0.09889489412307739,0.8497428297996521,-0.6171923279762268,-1.5538859367370605,-6.638341603281318,-35.808896004341804,83,397
242,27,-0.46150949597358704,0.6819844841957092,0.6592992544174194,-1.5538859367370605,-34.08682263469437,38.68218624380834,83,397
242,28,-0.3230566382408142,1.2880994081497192,-0.6461132764816284,-1.5150387287139893,-14.079430391031893,-25.94447870764084,79,407
242,29,-0.23075474798679352,1.3837591409683228,-0.46150949597358704,-1.5150387287139893,-9.467487897265753,-18.209956295268043,79,407
242,30,-0.15823182463645935,1.1366454362869263,-0.5342170596122742,-1.4373445510864258,-7.925183039457657,-24.962238078622086,77,404
242,31,-0.19778978824615479,1.1860792636871338,-0.39557957649230957,-1.3984973430633545,-9.467488097366502,-18.209956651468595,112,401
242,32,-0.19778978824615479,0.9304512143135071,0.45597049593925476,-1.3596501350402832,-12.00095901554324,25.610382768746216,120,419
242,33,0.09889489412307739,0.9971561431884766,-0.3296496272087097,-1.3208030462265015,5.663898345398814,-18.209955588428958,92,405
242,34,0.0,0.8608354926109314,0.6096979379653931,-1.2819559574127197,0.0,35.308530380744,94,412
242,35,-0.3164636492729187,1.5322999954223633,-0.6329272985458374,-1.2819559574127197,-11.669146600545055,-22.02431305788535,78,411
242,36,-0.19778978824615479,0.8496929407119751,0.593018114566803,-1.2042615413665771,-13.103840995206543,34.205795687742565,120,424
242,37,-0.15823182463645935,0.7347652316093445,0.38373833894729614,-1.1654144525527954,-12.15305614783837,27.04682405018476,139,427
242,38,-0.13185985386371613,0.7816824913024902,0.2894093990325928,-1.1265673637390137,-9.57492599357273,20.05618965953581,183,408
242,39,-0.13185985386371613,0.799275815486908,0.23652373254299164,-1.0877201557159424,-9.367943649421548,16.27653412961765,213,397
242,40,-0.13185985386371613,0.7968225479125977,0.2446613311767578,-1.048872947692871,-9.396272204145564,16.85295084622309,194,400
242,41,-0.13185985386371613,0.7616481781005859,0.3386404812335968,-1.0100258588790894,-9.821939550373544,23.65815286909503,150,410
242,42,-0.2109757661819458,0.761059582233429,0.29740527272224426,-0.9711787104606628,-15.494076186626422,20.63518421682408,151,416
242,43,-0.16482481360435486,1.0268993377685547,0.1762949377298355,-0.9323315620422363,-9.118613875080143,9.620609314867316,162,407
242,44,-0.1054878830909729,0.8279691338539124,0.12454626709222794,-0.8934844136238098,-7.260684746865367,8.486919708718217,123,415
242,45,-0.1054878830909729,0.7974001169204712,0.2553384602069855,-0.8546372652053833,-7.535888343316668,17.611937155777866,97,424
242,46,-0.15823182463645935,0.7661499977111816,0.3164636492729187,-0.7769429683685303,-11.669146600545055,22.02431305788535,80,416
242,47,-0.19778978824615479,1.1185232400894165,-0.5587242245674133,-0.7769429683685303,-10.02801518144295,-26.19203105112425,80,411
242,48,-0.03955795615911484,1.2191412448883057,-0.33840441703796387,-0.7769429683685303,-1.8584466986626398,-15.505613165642261,80,411
242,49,-0.13845284283161163,1.4552230834960938,-0.21020133793354034,-0.7380958199501038,-5.434875947773085,-8.182855269442141,159,404
242,50,-0.07911591231822968,1.260790228843689,0.08084914088249207,-0.6992486715316772,-3.5906623647453526,3.661929025912333,165,406
242,51,-0.03955795615911484,1.2552181482315063,-0.158904030919075,-0.6215543746948242,-1.8050679363105697,-7.211422965247578,195,418
242,52,-0.03955795615911484,1.2646490335464478,-0.03854718804359436,-0.5827072262763977,-1.7916157832323094,-1.7450129335565723,225,414
242,53,-0.03955795615911484,1.2646605968475342,-0.03816506639122963,-0.5438600778579712,-1.7915994124439212,-1.7277092319592746,195,424
242,54,-0.07911591231822968,1.261246681213379,0.07338521629571915,-0.5050129294395447,-3.589366281417204,3.323463771230203,174,426
242,55,0.0,1.4606584310531616,0.21795597672462463,-0.46616578102111816,0.0,8.486920015770277,109,434
242,56,-0.03955795615911484,1.2553560733795166,0.15781034529209137,-0.42731863260269165,-1.8048697458594845,7.16152828371145,142,427
242,57,0.0,1.2652546167373657,0.03896866366267204,-0.38847148418426514,0.0,1.7640989854950477,165,448
242,58,0.0,1.264280915260315,0.06310022622346878,-0.3496243357658386,0.0,2.857259896908221,133,477
242,59,-0.09889489412307739,1.0295677185058594,0.20731507241725922,-0.3107771873474121,-5.486700073106115,11.334100781164818,105,486
242,60,0.0,2.52856183052063,0.12620045244693756,-0.3107771873474121,0.0,2.857259896908221,92,423
242,61,-0.07911591231822968,1.246250033378601,0.2073388546705246,-0.2719300389289856,-3.632443668680863,9.427158154217297,138,493
242,62,0.0,1.2658545970916748,0.0,-0.23308289051055908,0.0,0.0,99,509
242,63,-0.03296496346592903,1.0492267608642578,0.10395173728466034,-0.19423574209213257,-1.7995463405918797,5.655320218696343,194,502
242,64,-0.03955795615911484,1.2605303525924683,0.10902401059865952,-0.15538859367370605,-1.797465908956912,4.940823656610024,227,519
242,65,0.03955795615911484,1.2546026706695557,0.1636926382780075,-0.11654144525527954,1.8059528724956682,7.429948764666432,254,536
242,66,0.07252292335033417,2.3098278045654297,0.21269701421260834,-0.11654144525527954,1.7983560522638353,5.258581806718853,142,472
242,67,0.03955795615911484,1.2552682161331177,0.15850777924060822,-0.07769429683685303,1.8049959866046832,7.193345148910177,291,541
242,68,0.07911591231822968,1.2543201446533203,0.1510281264781952,-0.038847148418426514,3.609135032164947,6.852237512743346,262,561
243,0,0.03955795615911484,1.2578984498977661,0.1360684484243393,0.0,1.8012242745768305,6.170724102426117,257,513
243,1,0.07911591231822968,1.2615300416946411,0.06834147125482559,0.038847148418426514,3.588562157507676,3.0948123890690935,198,517
243,2,0.0,1.2584660053253174,0.1365695595741272,0.07769429683685303,0.0,6.193538398679424,279,474
243,3,0.0,1.2605335712432861,0.11594429612159729,0.11654144525527954,0.0,5.2552974983759135,306,452
243,4,-0.06592992693185806,1.0505892038345337,0.06844611465930939,0.15538859367370605,-3.5908986647069456,3.7202666939678775,271,439
243,5,0.0,1.2616398334503174,0.10321211069822311,0.19423574209213257,0.0,4.676832918448423,225,417
243,6,0.0,1.256032109260559,0.1573888659477234,0.23308289051055908,0.0,7.142301230047683,237,406
243,7,0.0,1.2408487796783447,0.2503642141819,0.2719300389289856,0.0,11.407330402252196,203,403
243,8,0.0,1.2256584167480469,0.3164636492729187,0.3107771873474121,0.0,14.477512503083895,109,401
243,9,0.0,1.2648625373840332,0.05010686069726944,0.3496243357658386,0.0,2.2685558261062915,77,406
243,10,-0.15823182463645935,1.254926323890686,-0.05010686069726944,0.42731863260269165,-7.186417185516847,-2.268555719697885,100,407
243,11,0.0,1.2648625373840332,0.05010686069726944,-0.5438600778579712,0.0,2.2685558261062915,73,421
243,12,0.0,1.2591983079910278,-0.1296442449092865,-0.5050129294395447,0.0,-5.878333162505145,76,416
243,13,0.0,1.25199294090271,-0.1868194043636322,-0.46616578102111816,0.0,-8.486919825176399,91,431
243,14,-0.11867386847734451,1.260271668434143,0.00443291524425149,-0.42731863260269165,-5.379412155218655,0.20064536479692133,96,438
243,15,-0.07911591231822968,1.261258840560913,-0.07317513972520828,-0.38847148418426514,-3.5893317680785106,-3.3139393226778715,143,427
243,16,0.0,1.2634131908416748,-0.07858029752969742,-0.3496243357658386,0.0,-3.5590313744113264,179,419
243,17,-0.03296496346592903,1.054205060005188,-0.018283966928720474,-0.3107771873474121,-1.7910538456061718,-0.9931440383522474,134,436
243,18,-0.03955795615911484,1.2652342319488525,-0.00228201225399971,-0.2719300389289856,-1.790787661582156,-0.10328970542225602,205,461
243,19,-0.03955795615911484,1.2649898529052734,0.024971978738904,-0.23308289051055908,-1.7911333923707478,1.130368256683439,239,459
243,20,-0.03296496346592903,1.0528203248977661,0.057025812566280365,-0.19423574209213257,-1.7934080142404096,3.098869660809941,261,466
243,21,0.07252292335033417,2.3196001052856445,-0.000772707222495228,-0.19423574209213257,1.7907846571006378,-0.019077097847084917,74,425
243,22,-0.03296496346592903,1.0507988929748535,0.0866270512342453,-0.15538859367370605,-1.7968557509932652,4.710455958118277,260,469
243,23,0.0,1.0426912307739258,0.1598886102437973,-0.11654144525527954,0.0,8.717955635034597,268,505
243,24,0.0,1.2457213401794434,0.22486920654773712,-0.07769429683685303,0.0,10.232455302277106,282,532
243,25,0.03955795615911484,1.252673864364624,0.17785194516181946,-0.038847148418426514,1.8087317452670764,8.076751276570233,265,552
244,0,0.07911591231822968,1.263368844985962,0.005260149482637644,0.0,3.583352709625441,0.23808835215729485,216,515
244,1,-0.03296496346592903,1.0496281385421753,0.09981732070446014,0.038847148418426514,-1.798858646486196,5.429704388996877,161,568
244,2,-0.03296496346592903,1.0522185564041138,0.06722255051136017,0.07769429683685303,-1.7944330019315344,3.6536706795172673,154,533
244,3,-0.07911591231822968,0.6187623739242554,-0.10710171610116959,0.11654144525527954,-7.286391098100129,-9.742265270972498,167,481
244,4,0.0,1.2589949369430542,0.13160429894924164,0.11654144525527954,0.0,5.9675264416129545,181,448
244,5,-0.09889489412307739,0.6112377047538757,-0.1311688870191574,0.15538859367370605,-9.190499196664286,-11.960753044552256,146,478
244,6,0.0,1.2607136964797974,0.1139690950512886,0.15538859367370605,0.0,5.165523921269964,177,448
244,7,-0.07911591231822968,0.6166880130767822,-0.11846313625574112,0.19423574209213257,-7.310635706298603,-10.787502768871704,95,438
244,8,0.0,1.2656047344207764,0.025150664150714874,0.19423574209213257,0.0,1.1384575461773427,161,424
244,9,0.03955795615911484,1.265236258506775,-0.0004214766377117485,0.23308289051055908,1.7907847951041598,-0.01907709897936931,76,417
244,10,0.07911591231822968,1.253431797027588,0.15823182463645935,-0.38847148418426514,3.6116861746512954,7.180755684403435,71,407
244,11,0.0,1.2644997835159302,-0.05855035036802292,-0.3107771873474121,0.0,-2.651082765344153,154,400
244,12,0.0,1.2658545970916748,0.0,-0.2719300389289856,0.0,0.0,162,424
244,13,0.0,1.2654112577438354,-0.03350043296813965,-0.23308289051055908,0.0,-1.5164913188877005,183,432
244,14,-0.11867386847734451,1.255356788635254,0.11128213256597519,-0.19423574209213257,-5.40034895787452,5.043421118865179,153,443
244,15,0.0,1.2582862377166748,-0.1382160186767578,-0.15538859367370605,0.0,-6.268504190486948,126,450
244,16,-0.03955795615911484,1.2608305215835571,-0.10549585521221161,-0.11654144525527954,-1.7970382624900822,-4.780554024544633,218,498
244,17,-0.06592992693185806,1.050995945930481,0.061888109892606735,-0.07769429683685303,-3.5895125982653884,3.363386098070808,194,525
244,18,0.03955795615911484,0.6197379231452942,0.12229897826910019,-0.038847148418426514,3.6522427083466753,11.141199378883456,88,587
244,19,0.07252292335033417,2.3177497386932373,-0.09263528138399124,-0.038847148418426514,1.792213391138677,-2.287647745832667,92,507
245,0,0.06592992693185806,1.0518304109573364,0.04555567726492882,0.0,3.586672310872857,2.4751279872593366,216,533
245,1,-0.13845284283161163,0.5889391899108887,-0.1859527975320816,0.038847148418426514,-13.229357530271082,-17.085475582320452,102,525
245,2,0.06592992693185806,1.033846378326416,0.19895799458026886,0.038847148418426514,3.648896303282016,10.871526959004775,123,516
245,3,-0.26371970772743225,0.8003276586532593,-0.6345840096473694,0.038847148418426514,-18.237810034613755,-36.98246180878551,123,516
245,4,-0.1054878830909729,0.806755006313324,-0.22403360903263092,0.07769429683685303,-7.449491568417202,-15.395069545671774,180,472
245,5,-0.07911591231822968,0.8181662559509277,-0.1910942792892456,0.11654144525527954,-5.523275542132401,-13.087630492308323,190,418
245,6,0.0,1.054878830909729,0.0,-0.19423574209213257,0.0,0.0,84,410
245,7,0.16482481360435486,0.9883993864059448,0.3296496272087097,-0.15538859367370605,9.467487537084411,18.209955654107052,143,424
245,8,0.13185985386371613,1.020963191986084,0.23025314509868622,-0.11654144525527954,7.359150563389195,12.60770591063847,136,483
245,9,0.09889489412307739,1.0499868392944336,0.022732382640242577,-0.07769429683685303,5.380632449841807,1.2348057344276702,188,550
245,10,0.06592992693185806,1.0525952577590942,0.021581392735242844,-0.038847148418426514,3.584072924621245,1.1722758986741975,205,587
246,0,0.11867386847734451,1.2421990633010864,0.2127104252576828,0.0,5.457207455635616,9.673706833254336,258,534
246,1,0.11867386847734451,1.24802565574646,0.17531819641590118,0.038847148418426514,5.43188241508066,7.960934868215465,166,495
246,2,0.11867386847734451,1.2454508543014526,0.192760169506073,0.07769429683685303,5.443044725243284,8.758888358266699,113,431
246,3,0.03955795615911484,1.2478951215744019,0.20876015722751617,0.11654144525527954,1.8156535524813437,9.492376809488906,72,416
246,4,0.07911591231822968,1.253431797027588,0.15823182463645935,-0.15538859367370605,3.6116861746512954,7.180755684403435,68,412
246,5,0.07911591231822968,1.206135869026184,0.3759852349758148,-0.11654144525527954,3.7529132649559025,17.278756758607642,96,458
246,6,0.09889489412307739,1.0326831340789795,0.19119280576705933,-0.07769429683685303,5.470248258749818,10.442357318232915,240,549
246,7,0.11867386847734451,1.2438775300979614,0.20266494154930115,-0.038847148418426514,5.449887960257087,9.212774901826135,243,596
247,0,0.13185985386371613,1.0164324045181274,0.24949440360069275,0.0,7.391592299874312,13.680929212258654,255,495
247,1,0.07911591231822968,1.2404762506484985,0.23947294056415558,0.038847148418426514,3.6493052541606694,10.904867521330313,224,480
247,2,0.11867386847734451,1.2463394403457642,0.18692901730537415,0.07769429683685303,5.439187351379316,8.491935797116964,169,425
247,3,0.03955795615911484,1.236972689628601,0.2659353017807007,0.11654144525527954,1.831674845892223,12.127252018709859,114,408
247,4,0.11867386847734451,1.2454508543014526,0.192760169506073,0.11654144525527954,5.443044725243284,8.758888358266699,114,408
247,5,0.03955795615911484,1.201806902885437,0.39557957649230957,0.15538859367370605,1.88523292297383,18.209957571128275,69,411
247,6,0.11867386847734451,1.2056621313095093,0.3669919967651367,0.15538859367370605,5.621541278557149,16.85295097833235,69,411
247,7,0.03955795615911484,1.2514307498931885,0.18639791011810303,-0.15538859367370605,1.8105272620107131,8.46763086870779,115,403
247,8,0.06592992693185806,1.0359625816345215,0.1876278966665268,-0.11654144525527954,3.6414626291587244,10.245529645632102,197,400
247,9,0.13185985386371613,1.018397569656372,0.2413475513458252,-0.07769429683685303,7.377486289709922,13.225946686595645,241,498
247,10,0.13185985386371613,1.020050287246704,0.23426435887813568,-0.038847148418426514,7.365664420253694,12.831056084193262,258,546
248,0,0.09889489412307739,1.013169765472412,0.2765434682369232,0.0,5.574946219611018,15.198066085067971,144,487
248,1,-0.026371970772743225,0.8331620097160339,0.13159781694412231,0.038847148418426514,-1.8129706867055702,8.971287777562763,91,526
248,2,-0.07911591231822968,0.8399637341499329,0.019339367747306824,0.07769429683685303,-5.3807961483711075,1.313137946581568,72,463
248,3,0.0,2.098663806915283,-0.21607375144958496,0.07769429683685303,0.0,-5.87833354139408,97,412
248,4,0.09889489412307739,1.0067181587219238,0.29917845129966736,-0.07769429683685303,5.610446333825769,16.47602078498756,168,449
248,5,0.06592992693185806,0.9914658665657043,0.35414424538612366,-0.038847148418426514,3.8044207936206584,19.61634434573973,148,521
249,0,0.0,1.262332558631897,0.09436262398958206,0.0,0.0,4.275056626516841,217,426
249,1,-0.07911591231822968,1.2616915702819824,0.06529218703508377,0.038847148418426514,-3.5881039306673728,2.9566012936047974,212,494
249,2,-0.07911591231822968,1.2601999044418335,0.08958189189434052,0.07769429683685303,-3.5923399607128546,4.05809473272415,208,423
249,3,-0.11867386847734451,1.2536370754241943,0.12922276556491852,0.11654144525527954,-5.407713157789167,5.859155577562715,105,403
249,4,-0.13185985386371613,1.0250872373580933,-0.21113617718219757,-0.07769429683685303,-7.329866458888541,-11.545851564590384,139,405
249,5,-0.11867386847734451,1.259315013885498,-0.049296122044324875,-0.038847148418426514,-5.383474693409905,-2.23183145284874,179,464
250,0,0.03296496346592903,1.0431849956512451,0.15312603116035461,0.0,1.8099617756198656,8.346535211796393,201,454
250,1,0.03296496346592903,1.0372517108917236,0.18918636441230774,0.038847148418426514,1.8203081690333065,10.331562008815297,185,531
250,2,0.0,1.0359158515930176,0.19911743700504303,0.07769429683685303,0.0,10.880345316897223,177,463
250,3,0.0,1.0471128225326538,0.12776580452919006,0.11654144525527954,0.0,6.9566840602318045,99,425
250,4,0.0,1.2591983079910278,0.1296442449092865,-0.11654144525527954,0.0,5.878333162505145,70,412
250,5,0.0,1.2484514713287354,0.20918165147304535,-0.07769429683685303,0.0,9.51171959131598,129,412
250,6,0.07911591231822968,1.2404603958129883,0.23955518007278442,-0.038847148418426514,3.6493517713890666,10.908658158264748,179,472
251,0,0.0,1.0519264936447144,0.07886741310358047,0.0,0.0,4.287686931365358,231,463
251,1,0.0,1.0528310537338257,0.06569728255271912,0.038847148418426514,0.0,3.570660929831906,229,532
251,2,0.0,1.051350474357605,0.08620618283748627,0.07769429683685303,0.0,4.6875192182341,221,464
251,3,-0.07252292335033417,2.315060615539551,-0.14504584670066833,0.07769429683685303,-1.7942938264926744,-3.5833219262319544,85,435
251,4,0.0,1.0537497997283936,0.04879195988178253,0.11654144525527954,0.0,2.651082882632647,137,420
251,5,0.0,1.054878830909729,0.0,0.15538859367370605,0.0,0.0,97,401
251,6,0.06592992693185806,1.049443006515503,-0.08421389013528824,0.15538859367370605,3.594810350631657,-4.578952913958324,97,401
251,7,0.0,1.0534203052520752,0.0554533526301384,-0.11654144525527954,0.0,3.0133395982501794,113,414
251,8,0.0,1.0548267364501953,0.010489660315215588,-0.07769429683685303,0.0,0.5697556137960053,174,424
251,9,0.0,1.0545598268508911,0.02594170905649662,-0.038847148418426514,0.0,1.4091668381905962,215,488
252,0,0.0,1.0548346042633057,0.00965231005102396,0.0,0.0,0.5242728973281119,222,459
252,1,0.03296496346592903,1.0542006492614746,0.0185343436896801,0.038847148418426514,1.7910613344405761,1.0067453690028374,242,526
252,2,0.03296496346592903,1.054053783416748,0.025559209287166595,0.07769429683685303,1.7913107281387277,1.3883851955406605,217,466
252,3,0.0,1.052991509437561,0.06307318061590195,0.11654144525527954,0.0,3.4278665034204536,189,394
252,4,0.0,1.0531487464904785,-0.060390911996364594,0.15538859367370605,0.0,-3.281928845979975,104,410
252,5,0.03296496346592903,1.0535224676132202,-0.04210694506764412,-0.15538859367370605,1.7922135386477867,-2.287647996102862,87,409
252,6,0.09889489412307739,1.048161506652832,-0.06592992693185806,-0.15538859367370605,5.389947476517968,-3.583321458357607,87,409
252,7,0.0,1.0548499822616577,0.007807391695678234,-0.11654144525527954,0.0,0.424062599471925,146,403
252,8,0.0,1.0548012256622314,-0.012798905372619629,-0.07769429683685303,0.0,-0.695190009912149,216,408
252,9,0.0,1.054868459701538,0.004681689199060202,-0.038847148418426514,0.0,0.2542869385684772,258,472
253,0,0.03296496346592903,1.0543595552444458,-0.0029541116673499346,0.0,1.7907915734963413,-0.16045287535580857,237,423
253,1,0.0,1.0548735857009888,0.003310222877189517,0.038847148418426514,0.0,0.17979517200425876,250,498
253,2,0.0,1.054878830909729,0.0,0.07769429683685303,0.0,0.0,229,436
253,3,0.06592992693185806,1.0525014400482178,0.02575528249144554,0.07769429683685303,3.5843915682962257,1.3990380504671054,229,436
253,4,0.0,1.0547142028808594,0.01863519847393036,0.11654144525527954,0.0,1.0122241048711158,156,404
253,5,0.03296496346592903,1.0523003339767456,0.06592992693185806,0.15538859367370605,1.794293642052232,3.583321558972172,82,412
253,6,0.0,1.25199294090271,0.1868194043636322,0.19423574209213257,0.0,8.486919825176399,69,393
253,7,-0.11867386847734451,1.2377279996871948,-0.23734773695468903,0.19423574209213257,-5.476800960936588,-10.806922288183708,69,393
253,8,0.06592992693185806,1.0525469779968262,-0.023822980001568794,-0.15538859367370605,3.5842368955575497,-1.294055935903143,69,406
253,9,0.03296496346592903,1.0523003339767456,0.06592992693185806,-0.11654144525527954,1.794293642052232,3.583321558972172,127,409
253,10,0.0,1.0548781156539917,0.0012299518566578627,-0.07769429683685303,0.0,0.06680489195006245,206,403
253,11,0.03296496346592903,1.0543221235275269,0.009362306445837021,-0.038847148418426514,1.7908551107706836,0.5085206386161006,259,453
254,0,0.06592992693185806,1.0482652187347412,0.09778892248868942,0.0,3.5988387230116965,5.319045438562385,185,425
254,1,0.06592992693185806,1.0457713603973389,0.12159338593482971,0.038847148418426514,3.6073982635950603,6.619061662821885,223,478
254,2,0.03296496346592903,1.049116849899292,0.10505420714616776,0.07769429683685303,1.7997347464926365,5.71549746265876,192,424
254,3,0.03296496346592903,1.0422483682632446,0.15937691926956177,0.11654144525527954,1.8115872333427774,8.6898393946024,121,397
254,4,0.0,1.0516667366027832,0.08225853741168976,-0.11654144525527954,0.0,4.472415605793834,96,402
254,5,0.16482481360435486,0.9883993864059448,0.3296496272087097,-0.11654144525527954,9.467487537084411,18.209955654107052,96,402
254,6,0.0,1.264362096786499,0.06145285442471504,-0.038847148418426514,0.0,2.782605196998138,226,447
255,0,0.13185985386371613,1.0414260625839233,0.1039915457367897,0.0,7.216090652133119,5.657492847023535,165,383
255,1,0.19778978824615479,1.0255300998687744,0.14810992777347565,0.038847148418426514,10.916366335777303,8.071264222534886,198,448
255,2,0.16482481360435486,1.033500075340271,0.13221107423305511,0.07769429683685303,9.06134456154243,7.199983401027984,155,405
255,3,0.13185985386371613,1.0337568521499634,0.16349022090435028,-0.07769429683685303,7.269054678926947,8.91591689090671,108,407
255,4,-0.16482481360435486,1.0030333995819092,-0.2820036709308624,-0.07769429683685303,-9.331806490224352,-15.505612498347732,108,407
255,5,0.16482481360435486,1.0307263135910034,0.15233366191387177,-0.038847148418426514,9.085323146109166,8.30303824348993,189,429
255,6,-0.09889489412307739,1.0219006538391113,-0.2422977089881897,-0.038847148418426514,-5.527611395657858,-13.278966149886816,189,429
256,0,0.09889489412307739,1.0275088548660278,0.21728982031345367,0.0,5.497626721834517,11.887198747000257,213,379
256,1,0.09889489412307739,1.019640326499939,0.2516403794288635,0.038847148418426514,5.539788801210592,13.800921180231708,189,414
256,2,0.06592992693185806,1.0176554918289185,0.26981478929519653,0.07769429683685303,3.706789605531819,14.819688864558518,176,403
256,3,-0.03296496346592903,1.0523003339767456,-0.06592992693185806,-0.07769429683685303,-1.794293642052232,-3.583321558972172,71,399
256,4,0.16482481360435486,0.9883993864059448,0.3296496272087097,-0.07769429683685303,9.467487537084411,18.209955654107052,71,399
256,5,0.27690568566322327,1.2249654531478882,-0.15865328907966614,-0.038847148418426514,12.737732209628042,-7.19998326485857,151,407
256,6,-0.11867386847734451,1.2454508543014526,-0.192760169506073,-0.038847148418426514,-5.443044725243284,-8.758888358266699,151,407
257,0,-0.06592992693185806,1.04452645778656,0.13185985386371613,0.0,-3.6116863116852995,7.180755953653309,102,377
257,1,0.0,2.3207335472106934,0.0,0.038847148418426514,0.0,0.0,71,401
257,2,0.0,1.0527944564819336,0.06628115475177765,0.07769429683685303,0.0,3.602436204648174,74,406
257,3,0.06592992693185806,1.0251206159591675,0.2398967295885086,0.07769429683685303,3.6798704967782325,13.145010316054522,74,406
257,4,0.0,1.0433274507522583,0.15568283200263977,-0.07769429683685303,0.0,8.486919558344967,87,404
257,5,0.16482481360435486,1.0380494594573975,-0.08975290507078171,-0.07769429683685303,9.02228669916624,-4.880832823016542,87,404
257,6,0.0,1.051923155784607,0.07891201972961426,-0.038847148418426514,0.0,4.290116515269831,145,428
258,0,0.0,0.8439030647277832,0.0,0.0,0.0,0.0,80,376
258,1,-0.11867386847734451,1.2056621313095093,-0.3669919967651367,0.0,-5.621541278557149,-16.85295097833235,79,374
258,2,-0.03955795615911484,1.1232249736785889,-0.5823989510536194,0.0,-2.017020296166511,-27.392504162381712,79,374
258,3,-0.07911591231822968,1.2408039569854736,-0.2377692013978958,0.038847148418426514,-3.648344046662714,-10.82634409285344,163,426
258,4,-0.03296496346592903,1.0523003339767456,-0.06592992693185806,0.07769429683685303,-1.794293642052232,-3.583321558972172,91,411
258,5,0.0,1.25199294090271,-0.1868194043636322,-0.07769429683685303,0.0,-8.486919825176399,92,414
258,6,-0.03955795615911484,1.2398557662963867,-0.25215208530426025,-0.038847148418426514,-1.8274184844773267,-11.489897175729267,164,417
259,0,0.0,1.0527944564819336,0.06628115475177765,0.0,0.0,3.602436204648174,128,379
259,1,-0.19778978824615479,1.2257142066955566,-0.2467624694108963,0.038847148418426514,-9.166627258547498,-11.24106983216428,147,416
259,2,0.19778978824615479,1.2154701948165894,0.2930859923362732,0.038847148418426514,9.242555948574866,13.387290012316416,147,416
259,3,0.19778978824615479,1.245659351348877,-0.10770349204540253,0.07769429683685303,9.02228723400111,-4.880833084624587,73,408
259,4,-0.19778978824615479,1.1860792636871338,-0.39557957649230957,0.07769429683685303,-9.467488097366502,-18.209956651468595,73,408
259,5,0.07911591231822968,1.2614322900772095,0.07012266665697098,-0.07769429683685303,3.5888395176101895,3.1755546424388603,92,411
259,6,0.15823182463645935,1.2458113431930542,0.1590747833251953,-0.038847148418426514,7.2384409323132015,7.219213166523974,177,414
260,0,-0.03955795615911484,1.2641464471817017,-0.05250665172934532,0.0,-1.792327610940354,-2.3772657173467175,237,468
260,1,0.0,1.264926791191101,-0.048456624150276184,0.038847148418426514,0.0,-2.1938053455625948,229,515
260,2,0.07911591231822968,1.2633355855941772,0.010567741468548775,0.038847148418426514,3.583446801479227,0.4783282620871464,229,515
260,3,0.0,1.2645940780639648,-0.05647783353924751,0.07769429683685303,0.0,-2.5571783619943806,210,461
260,4,0.0,1.265783429145813,0.013426163233816624,0.11654144525527954,0.0,0.6077134713273015,132,423
260,5,-0.03296496346592903,1.054205060005188,-0.018283966928720474,-0.11654144525527954,-1.7910538456061718,-0.9931440383522474,105,407
260,6,-0.09889489412307739,1.048161506652832,0.06592992693185806,-0.07769429683685303,-5.389947476517968,3.583321458357607,202,426
260,7,-0.13185985386371613,1.0367658138275146,0.14317448437213898,-0.038847148418426514,-7.248182689242917,7.800603198551462,175,499
261,0,-0.09889489412307739,1.0332404375076294,-0.18815797567367554,0.0,-5.46731562969009,-10.274788912779432,176,524
261,1,0.26371970772743225,1.0109705924987793,0.1454634964466095,0.0,14.620250451091453,7.926111321605647,176,524
261,2,-0.11867386847734451,1.2527925968170166,-0.1371682584285736,0.038847148418426514,-5.411336741587625,-6.22079686976273,219,544
261,3,0.3164636492729187,1.1645385026931763,0.3822157382965088,0.038847148418426514,15.20300293670278,17.57433135511674,219,544
261,4,-0.16482481360435486,0.9221347570419312,-0.4850459694862366,0.07769429683685303,-10.13417869932796,-27.37497874904639,174,531
261,5,0.23075474798679352,1.0205919742584229,0.13384126126766205,0.07769429683685303,12.740299187525252,7.289240208255287,174,531
261,6,0.03296496346592903,1.038840889930725,0.18025586009025574,0.11654144525527954,1.8175254003793317,9.838887326383256,179,487
261,7,0.0,1.048425555229187,0.11650426685810089,0.15538859367370605,0.0,6.340868616804034,143,480
261,8,0.0,1.259750247001648,0.12416663020849228,0.19423574209213257,0.0,5.629146832554491,162,462
261,9,-0.03296496346592903,1.0523003339767456,-0.06592992693185806,0.23308289051055908,-1.794293642052232,-3.583321558972172,67,432
261,10,-0.16482481360435486,1.0398343801498413,-0.06592992693185806,0.23308289051055908,-9.007053661022887,-3.583321437062192,67,432
261,11,0.0,1.2626878023147583,-0.08948435634374619,0.2719300389289856,0.0,-4.0536690773755115,139,411
261,12,-0.11867386847734451,1.2377279996871948,-0.23734773695468903,0.3107771873474121,-5.476800960936588,-10.806922288183708,136,406
261,13,0.0,1.262784481048584,-0.08810915797948837,0.3496243357658386,0.0,-3.9912704923949645,129,423
261,14,-0.07911591231822968,1.2630562782287598,0.028587576001882553,0.38847148418426514,-3.5842371654809075,1.2940560331962514,80,428
261,15,-0.07911591231822968,1.253431797027588,-0.15823182463645935,0.42731863260269165,-3.6116861746512954,-7.180755684403435,109,399
261,16,0.0,1.2633533477783203,-0.07953739166259766,0.46616578102111816,0.0,-3.6024364739007844,91,390
261,17,-0.15823182463645935,1.241953730583191,-0.1868194043636322,0.46616578102111816,-7.2606845744949196,-8.486919678004455,91,390
261,18,-0.15823182463645935,0.7963789105415344,-0.23003414273262024,-0.42731863260269165,-11.237695168500032,-15.81806461004562,124,404
261,19,-0.1054878830909729,0.8328112959861755,-0.08642949908971786,-0.38847148418426514,-7.218916033493791,-5.878333505828182,153,424
261,20,-0.1054878830909729,0.8303526043891907,-0.10751372575759888,-0.3496243357658386,-7.240064908868047,-7.319406717568463,200,420
261,21,-0.1054878830909729,0.8304964900016785,-0.10639645904302597,-0.3107771873474121,-7.238823856102323,-7.242934689881809,230,418
261,22,-0.1054878830909729,0.8278219103813171,-0.12552128732204437,-0.2719300389289856,-7.261962235445234,-8.55385600031536,209,432
261,23,-0.07911591231822968,0.831860363483429,-0.11798880249261856,-0.23308289051055908,-5.432899775010059,-8.037038278102427,165,457
261,24,0.0,1.0487641096115112,0.11341604590415955,-0.19423574209213257,0.0,6.172126792921703,163,473
261,25,0.03296496346592903,1.0378684997558594,0.18577323853969574,-0.15538859367370605,1.8192271157660733,10.143178208136913,109,503
261,26,0.0,2.0650243759155273,-0.4321475028991699,-0.15538859367370605,0.0,-11.819710013962274,77,450
261,27,-0.07911591231822968,1.2629233598709106,-0.033959709107875824,-0.07769429683685303,-3.5846134106301943,-1.5372866670680574,85,569
261,28,-0.07911591231822968,1.2629687786102295,0.03222198039293289,-0.038847148418426514,-3.5844848372719564,1.4586059097721895,180,529
262,0,0.03296496346592903,1.0503414869308472,0.09200776368379593,0.0,1.7976377381366178,5.003762904306975,236,542
262,1,0.03955795615911484,1.2595136165618896,0.12020237743854523,0.038847148418426514,1.798915951274219,5.448872987574373,288,578
262,2,0.03955795615911484,1.2555997371673584,0.15585961937904358,0.07769429683685303,1.8045197214083972,7.072548027233873,321,543
262,3,0.0,1.2607845067977905,0.11318207532167435,0.11654144525527954,0.0,5.129757525043773,313,511
262,4,0.0,1.2633254528045654,0.07997918874025345,0.15538859367370605,0.0,3.6224731470757723,283,513
262,5,0.03955795615911484,1.2631888389587402,0.07195243239402771,0.19423574209213257,1.7936854656391952,3.25850510015092,204,491
262,6,0.2175687700510025,2.2883219718933105,0.31945377588272095,0.19423574209213257,5.43123396760002,7.912004237276094,117,434
262,7,0.0,1.241705060005188,0.24608227610588074,0.23308289051055908,0.0,11.209681696806017,89,465
262,8,0.0,1.476086974143982,-0.046853207051754,0.2719300389289856,0.0,-1.818043281805418,104,448
262,9,-0.29009169340133667,2.2979094982147217,-0.1458185613155365,0.2719300389289856,-7.195047700698404,-3.6024365172839174,129,412
262,10,0.0,1.2625516653060913,0.09138497710227966,0.3107771873474121,0.0,4.139916383725166,123,449
262,11,-0.07252292335033417,2.3177497386932373,0.09263528138399124,0.3107771873474121,-1.792213391138677,2.287647745832667,88,418
262,12,0.0,1.2650431394577026,0.045318394899368286,0.3496243357658386,0.0,2.0516635313075797,199,422
262,13,0.0,1.2656139135360718,0.024682369083166122,0.38847148418426514,0.0,1.117257255834923,193,429
262,14,0.0,2.50398588180542,-0.3736388087272644,0.38847148418426514,0.0,-8.486919825176399,73,397
262,15,0.15823182463645935,2.5261125564575195,0.057175152003765106,0.38847148418426514,3.5842371654809075,1.2940560331962514,73,397
262,16,0.0,1.2648625373840332,0.05010686069726944,0.42731863260269165,0.0,2.2685558261062915,173,412
262,17,0.0,1.2654658555984497,-0.03137102723121643,0.46616578102111816,0.0,-1.4200773467327543,157,432
262,18,0.0,1.2657735347747803,0.014327580109238625,0.5050129294395447,0.0,0.6485163359008751,178,430
262,19,0.0,1.265772819519043,0.014384387992322445,0.5438600778579712,0.0,0.6510878061384379,153,419
262,20,0.0,1.264562726020813,0.057175152003765106,0.5827072262763977,0.0,2.5887726439612506,102,414
262,21,0.0,1.2658545970916748,0.0,0.6215543746948242,0.0,0.0,156,416
262,22,-0.03955795615911484,1.2651739120483398,-0.012571888975799084,0.6604015231132507,-1.7908729856569945,-0.569044826960917,165,410
262,23,0.0,1.2649211883544922,-0.04860338196158409,0.6992486715316772,0.0,-2.20045281413925,127,415
262,24,0.0,1.2610249519348145,-0.11047139018774033,0.7380958199501038,0.0,-5.006583299564078,139,406
262,25,0.0,1.2620000839233398,-0.09871024638414383,0.7769429683685303,0.0,-4.472415673034881,73,425
262,26,-0.09889489412307739,0.6201000213623047,-0.07932664453983307,-0.9323315620422363,-9.061345441229092,-7.199983657505902,135,407
262,27,-0.09889489412307739,0.6246063709259033,-0.02614666521549225,-0.8934844136238098,-8.997043687808626,-2.367602086541799,200,403
262,28,-0.07911591231822968,0.627363383769989,-0.027437545359134674,-0.8546372652053833,-7.187548187345801,-2.4845639575430103,241,402
262,29,-0.09889489412307739,0.6238216757774353,-0.04078390449285507,-0.8157901167869568,-9.008175456809829,-3.6945247585223218,241,413
262,30,0.0,1.050435185432434,0.0967227891087532,-0.7769429683685303,0.0,5.260890726168126,165,395
262,31,-0.1054878830909729,0.8372840881347656,6.277367948365198e-15,-0.7380958199501038,-7.180756017390684,4.2619433046559726e-13,223,397
262,32,-0.13185985386371613,0.8335128426551819,-0.006456142291426659,-0.6992486715316772,-8.98956474169509,-0.4383362674920132,215,415
262,33,-0.13185985386371613,0.8334094882011414,-0.014627172611653805,-0.6604015231132507,-8.990661364477234,-0.9931439766814093,157,421
262,34,-0.13185985386371613,0.8331621885299683,0.025023313239216805,-0.6215543746948242,-8.993286367971812,1.6991766506409123,183,420
262,35,-0.13185985386371613,0.8297553062438965,0.079319067299366,-0.5827072262763977,-9.029604633544324,5.393233053299288,228,424
262,36,-0.13185985386371613,0.8289692997932434,0.08715060353279114,-0.5438600778579712,-9.038025007016698,5.927553247836281,249,415
262,37,-0.09889489412307739,0.6228296756744385,0.05385174602270126,-0.5050129294395447,-9.02228723400111,4.880833084624587,210,430
262,38,0.0,1.4734927415847778,0.09923280775547028,-0.5050129294395447,0.0,3.8527837520701147,108,436
262,39,-0.11867386847734451,0.6134090423583984,0.10120680928230286,-0.46616578102111816,-10.949519324593853,9.201251040624259,141,445
262,40,-0.07911591231822968,1.2616101503372192,-0.06684684753417969,-0.42731863260269165,-3.5883348894401688,-3.027065217840588,88,497
262,41,-0.15823182463645935,1.2401795387268066,-0.19825610518455505,-0.38847148418426514,-7.270960576986594,-9.010668851005427,95,502
262,42,0.0,1.2657335996627808,0.017507845535874367,-0.3496243357658386,0.0,0.7924745702048708,120,477
262,43,0.03955795615911484,1.2488058805465698,0.20324085652828217,-0.3107771873474121,1.8143302746410257,9.239184110717655,136,456
262,44,0.0,1.2632663249969482,0.08090790361166,-0.2719300389289856,0.0,3.6645942389453174,93,487
262,45,-0.07911591231822968,1.2633739709854126,0.0038264167960733175,-0.23308289051055908,-3.583338208452452,0.17319356791492566,167,476
262,46,-0.07911591231822968,1.2633676528930664,-0.005542899016290903,-0.19423574209213257,-3.583356082008052,-0.25088642425910435,222,473
262,47,-0.03955795615911484,1.2646225690841675,0.039405208081007004,-0.15538859367370605,-1.791653251523039,1.7838675410060325,261,495
262,48,-0.03955795615911484,1.2645190954208374,0.04259863495826721,-0.11654144525527954,-1.7917997642032049,1.928485933916081,234,511
262,49,0.0,1.0499521493911743,0.10183223336935043,-0.07769429683685303,0.0,5.539648034785356,182,521
262,50,-0.03955795615911484,1.2634882926940918,0.06648664176464081,-0.038847148418426514,-1.7932606298335225,3.0107387641061005,228,523
263,0,0.07911591231822968,1.2523261308670044,0.16675640642642975,0.0,3.614866444705336,7.569819756225384,303,520
263,1,0.07911591231822968,1.249035358428955,0.18983981013298035,0.038847148418426514,3.62436500388694,8.625169688002893,306,550
263,2,0.07911591231822968,1.2507432699203491,0.17824138700962067,0.07769429683685303,3.619429036032988,8.094555161979901,273,518
263,3,0.0,1.2469065189361572,0.21820169687271118,0.11654144525527954,0.0,9.925935922590337,229,486
263,4,0.0,1.23032546043396,0.2978038787841797,0.15538859367370605,0.0,13.606899266317129,170,487
263,5,0.14504584670066833,2.2979583740234375,0.29009169340133667,0.15538859367370605,3.61168623510563,7.18075580318652,91,451
263,6,0.0,1.2531977891921997,0.17855866253376007,0.19423574209213257,0.0,8.10906101698021,247,471
263,7,0.0,1.254124641418457,0.17192837595939636,0.23308289051055908,0.0,7.806039097422678,255,452
263,8,-0.03955795615911484,1.2189451456069946,0.33911043405532837,0.2719300389289856,-1.858745468823373,15.53877779912125,157,461
263,9,0.0,2.5317091941833496,0.0,0.2719300389289856,0.0,0.0,81,421
263,10,0.0,1.2646517753601074,0.05516991764307022,0.3107771873474121,0.0,2.4979212050997694,217,459
263,11,0.0,1.259609580039978,0.12558577954769135,0.3496243357658386,0.0,5.693695895515095,202,461
263,12,-0.07911591231822968,1.2408039569854736,0.2377692013978958,0.38847148418426514,-3.648344046662714,10.82634409285344,135,453
263,13,-0.8570890426635742,2.2523727416992188,-1.3094027042388916,0.38847148418426514,-20.833180211732884,-28.516798332373,75,418
263,14,-0.11867386847734451,1.1761451959609985,0.4527547061443329,0.42731863260269165,-5.761683683626842,20.957001726688677,106,437
263,15,0.0,1.232719898223877,0.28773143887519836,0.46616578102111816,0.0,13.138288943630595,139,431
263,16,0.0,1.244326114654541,0.232465922832489,0.5050129294395447,0.0,10.582053583828689,116,449
263,17,0.03296496346592903,1.054205060005188,0.018283966928720474,0.5438600778579712,1.7910538456061718,0.9931440383522474,82,435
263,18,-0.18460379540920258,1.390505075454712,0.4620012044906616,0.5438600778579712,-7.562378999310467,18.230040154272658,76,437
263,19,-0.09230189770460129,1.4476045370101929,0.27739739418029785,0.5438600778579712,-3.648344246414253,10.826344386907316,76,437
263,20,-0.11867386847734451,1.2373881340026855,0.2391127347946167,0.5827072262763977,-5.47829608953225,10.888264907617982,164,417
263,21,-0.03955795615911484,1.2197902202606201,0.33605796098709106,0.6215543746948242,-1.8574586262665425,15.395423456497605,146,427
263,22,0.03955795615911484,1.2535618543624878,0.17148125171661377,0.6604015231132507,1.8074513377902803,7.785612355092787,135,430
263,23,-0.07911591231822968,1.254578948020935,0.14886295795440674,0.6604015231132507,-3.608392481691002,6.753541640492779,135,430
263,24,-0.03955795615911484,1.2514091730117798,0.1865425556898117,0.6992486715316772,-1.8105584584664802,8.474250261996104,158,416
263,25,-0.18460379540920258,1.457419753074646,0.15125161409378052,0.7380958199501038,-7.218916106523833,5.878333205146853,94,418
263,26,-0.09230189770460129,1.4431384801864624,0.2997657358646393,0.7380958199501038,-3.659604081829374,11.711224821421393,94,418
263,27,-0.09889489412307739,0.5784313082695007,0.23713700473308563,0.7769429683685303,-9.702099983767095,22.00373691083419,73,447
263,28,0.03955795615911484,1.265236258506775,-0.0004214766377117485,0.7769429683685303,1.7907847951041598,-0.01907709897936931,94,426
263,29,-0.059336934238672256,0.598293662071228,0.19778978824615479,0.8157901167869568,-5.663898357669036,18.20995729093768,92,431
263,30,0.0,1.47532320022583,0.06670434027910233,0.8157901167869568,0.0,2.5887724647650656,87,419
263,31,0.13845284283161163,1.4230886697769165,0.36969929933547974,0.8157901167869568,5.55683981488241,14.497214564593706,87,419
263,32,0.0,1.0433274507522583,0.15568283200263977,0.8546372652053833,0.0,8.486919558344967,131,402
263,33,-0.06592992693185806,1.0218182802200317,0.25359436869621277,0.8934844136238098,-3.6917303509244355,13.910233009383427,116,410
263,34,0.0,1.4135522842407227,0.4276655912399292,0.9323315620422363,0.0,16.83301782484139,86,420
263,35,0.0,0.6128292083740234,0.15823182463645935,0.9711787104606628,0.0,14.477512503083895,68,425
263,36,0.03955795615911484,0.6184879541397095,0.1284710317850113,0.9711787104606628,3.659603880844631,11.711224385551665,68,425
263,37,0.0,0.8406832814216614,0.07364759594202042,1.0100258588790894,0.0,5.006583585258082,134,408
263,38,-0.03296496346592903,1.0542526245117188,0.015301764942705631,1.048872947692871,-1.790973091612694,0.8311450023441023,154,413
263,39,0.0,1.0545094013214111,-0.027917027473449707,1.0877201557159424,0.0,-1.5164912903285372,148,415
263,40,-0.07911591231822968,0.5580905079841614,0.28787606954574585,1.1265673637390137,-8.068589334413362,27.05417388380474,70,443
263,41,-0.18460379540920258,1.4049351215362549,-0.41606080532073975,1.1265673637390137,-7.485591372539735,-16.36321658720035,140,414
263,42,-0.13845284283161163,1.3845471143722534,-0.4948616325855255,1.1654144525527954,-5.710516582384977,-19.5776215598704,152,411
263,43,-0.13845284283161163,1.4001433849334717,-0.4488397240638733,1.2042615413665771,-5.647320306818822,-17.693259555009753,144,414
263,44,-0.046150948852300644,1.3970272541046143,-0.47666844725608826,1.2042615413665771,-1.892084285687497,-18.830194417774877,144,414
263,45,-0.09889489412307739,0.5604819655418396,0.27690568566322327,1.2431087493896484,-10.006622795605098,25.94447810246861,85,442
263,46,-0.18460379540920258,1.4049351215362549,-0.41606080532073975,1.2431087493896484,-7.485591372539735,-16.36321658720035,147,403
263,47,-0.09889489412307739,0.5489047765731812,0.2991994619369507,1.2819559574127197,-10.213278700221313,28.21121533363194,77,449
263,48,-0.09230189770460129,1.4386873245239258,-0.3204481601715088,1.2819559574127197,-3.6708956215256845,-12.531934563315552,142,413
263,49,-0.07911591231822968,0.5398679375648499,0.32074952125549316,1.3208030462265015,-8.337167587703199,30.44901945624752,90,451
263,50,-0.13845284283161163,1.4230886697769165,-0.36969929933547974,1.3208030462265015,-5.55683981488241,-14.497214564593706,131,409
263,51,-0.07911591231822968,0.5423913598060608,0.3164636492729187,1.3596501350402832,-8.298921204805092,30.000000412444887,105,443
263,52,-0.09230189770460129,1.435168743133545,-0.3358554244041443,1.3596501350402832,-3.6798708015991117,-13.145011478256302,122,406
263,53,-0.09889489412307739,0.5323273539543152,0.32778704166412354,1.3984973430633545,-10.524332171366362,31.190857594962306,109,441
263,54,-0.13845284283161163,1.251795768737793,-0.7712756395339966,1.3984973430633545,-6.311454058966737,-31.483342931625177,122,408
263,55,-0.09889489412307739,0.5146837830543518,0.35484838485717773,1.4373445510864258,-10.876642716250748,34.100509173668854,110,434
263,56,-0.23075474798679352,1.1990368366241455,-0.8307170867919922,1.4373445510864258,-10.893394716367792,-34.228866308135714,109,411
263,57,-0.09889489412307739,0.500191867351532,0.3749998211860657,1.4761916399002075,-11.183932278474506,36.33353785812098,115,417
263,58,-0.09889489412307739,0.5390121340751648,0.3166743814945221,1.5150387287139893,-10.396673854930182,30.022031029051348,91,425
263,59,-0.2109757661819458,1.56536865234375,-0.5948105454444885,1.5150387287139893,-7.675901849053837,-20.635184424524496,71,404
263,60,-0.05274394154548645,1.685636043548584,0.06737111508846283,1.5150387287139893,-1.7922134373166982,2.287647968028658,71,404
263,61,-0.18460379540920258,1.4179686307907104,-0.36920759081840515,1.5927331447601318,-7.4175559409780805,-14.477512465591982,94,415
263,62,-0.23075474798679352,1.3837591409683228,-0.46150949597358704,1.6315802335739136,-9.467487897265753,-18.209956295268043,95,411
263,63,-0.09230189770460129,1.336962342262268,-0.620515763759613,1.6315802335739136,-3.949349004793977,-24.845148638116665,95,411
263,64,0.0,1.0493319034576416,-0.10803687572479248,1.6704273223876953,0.0,-5.87833354139408,84,390
263,65,-0.05274394154548645,0.7568808794021606,0.36948856711387634,1.8646631240844727,-3.986264928823769,25.965696151898754,74,421
263,66,0.0,0.8439030647277832,0.0,1.903510332107544,0.0,0.0,77,401
263,67,-0.05274394154548645,0.835621178150177,-0.1054878830909729,1.903510332107544,-3.611686260297547,-7.1807558526846025,77,401
263,68,0.0,1.0433274507522583,-0.15568283200263977,2.1365931034088135,0.0,-8.486919558344967,85,399
263,69,0.0,1.2256584167480469,0.3164636492729187,-1.3596501350402832,0.0,14.477512503083895,76,420
263,70,-0.47469547390937805,0.8919286131858826,-0.7625715732574463,-1.3596501350402832,-28.022462032764405,-37.043156720233085,76,420
263,71,0.07911591231822968,1.1828796863555908,0.4437614679336548,-1.3208030462265015,3.8264808794090435,20.521738865338047,82,414
263,72,0.0,1.25199294090271,0.1868194043636322,-1.1654144525527954,0.0,8.486919825176399,73,404
263,73,0.07911591231822968,1.253431797027588,0.15823182463645935,-0.9711787104606628,3.6116861746512954,7.180755684403435,70,408
263,74,0.0,1.2591983079910278,0.1296442449092865,-0.6215543746948242,0.0,5.878333162505145,75,400
263,75,0.15823182463645935,1.249216914176941,0.1296442449092865,-0.6215543746948242,7.218916203897228,5.8783334751560465,75,400
263,76,0.0,1.264562726020813,-0.057175152003765106,-0.5827072262763977,0.0,-2.5887726439612506,119,398
263,77,0.07911591231822968,1.2623519897460938,0.050949811935424805,-0.5827072262763977,3.5862316574304227,2.3067404913376603,119,398
263,78,0.0,1.2630904912948608,0.08360729366540909,-0.5438600778579712,0.0,3.7870344151526223,112,407
263,79,0.0,1.2596886157989502,0.12478985637426376,-0.5050129294395447,0.0,5.657493219952521,152,405
263,80,0.0,1.2652312517166138,0.03972144424915314,-0.46616578102111816,0.0,1.7981881470796706,164,415
263,81,-0.07911591231822968,1.2629083395004272,0.03451265022158623,-0.46616578102111816,-3.5846559329803345,1.5623233755015233,164,415
263,82,-0.03955795615911484,1.2649441957473755,0.027185726910829544,-0.42731863260269165,-1.7911979997968366,1.2305894003655709,191,409
263,83,-0.03955795615911484,1.2607572078704834,0.1063692718744278,-0.38847148418426514,-1.7971426927125138,4.820225960259031,191,421
263,84,-0.11867386847734451,1.2536370754241943,0.12922276556491852,-0.3496243357658386,-5.407713157789167,5.859155577562715,190,416
263,85,0.0,1.2610658407211304,0.1100044921040535,-0.3107771873474121,0.0,4.9853694281318734,180,413
263,86,0.0,1.263517141342163,0.07689234614372253,-0.2719300389289856,0.0,3.482485681006336,190,442
263,87,0.0,1.2630879878997803,0.08364514261484146,-0.23308289051055908,0.0,3.788751297513292,248,429
263,88,0.0,1.2577927112579346,0.14263761043548584,-0.19423574209213257,0.0,6.469879520134688,165,470
263,89,0.15823182463645935,1.2176014184951782,0.3078918755054474,-0.15538859367370605,7.40430411642859,14.077165585539573,110,493
263,90,-0.11867386847734451,1.224190592765808,0.29943573474884033,-0.11654144525527954,-5.536990470535592,13.682906543784513,142,515
263,91,-0.19778978824615479,1.2498236894607544,0.03475569188594818,-0.07769429683685303,-8.99271757885791,1.5733281318055057,165,497
263,92,0.23734773695468903,1.2420763969421387,0.05744818225502968,-0.07769429683685303,10.81820289367431,2.601143261890851,165,497
263,93,0.06592992693185806,1.0478572845458984,0.10206721723079681,-0.038847148418426514,3.600236078178621,5.552471116054224,187,512
264,0,0.0,1.2205003499984741,-0.3358076214790344,0.0,0.0,-15.383671571051856,163,516
264,1,0.08570890128612518,2.1608357429504395,1.6869388818740845,0.0,2.2714291976872487,37.95689400838062,67,468
264,2,0.07911591231822968,1.2294750213623047,0.29072269797325134,0.038847148418426514,3.6818694780682755,13.277359188480716,195,517
264,3,-0.09889489412307739,1.028278112411499,0.21361954510211945,0.07769429683685303,-5.493539101950303,11.683555296576575,180,507
264,4,-0.06592992693185806,1.0405974388122559,0.15993638336658478,0.11654144525527954,-3.6252867786899983,8.72058053080085,211,476
264,5,-0.06592992693185806,1.03264582157135,0.2050979882478714,0.15538859367370605,-3.653127038695982,11.211311361144935,204,468
264,6,-0.03296496346592903,1.0251420736312866,0.24650850892066956,0.23308289051055908,-1.8417960960116995,13.514072844350325,242,431
264,7,-0.06592992693185806,1.0261859893798828,0.2352973073720932,0.2719300389289856,-3.6760605824274424,12.88860497320537,217,424
264,8,-0.1054878830909729,0.8051989078521729,0.22956344485282898,0.3107771873474121,-7.463726025735382,15.784852493263923,149,438
264,9,0.0,1.455086588859558,0.2524890601634979,0.3107771873474121,0.0,9.844039990914046,132,440
264,10,-0.09889489412307739,0.9889191389083862,0.3535931408405304,0.3496243357658386,-5.710764102429393,19.584570766499013,213,433
264,11,-0.07911591231822968,0.8023836612701416,0.24918566644191742,0.38847148418426514,-5.631224759870077,17.174184112748197,211,421
264,12,-0.09889489412307739,1.015410304069519,0.26819947361946106,0.42731863260269165,-5.562722145119349,14.728954578972374,217,425
264,13,-0.09889489412307739,0.9981207847595215,0.3267171382904053,0.46616578102111816,-5.658459967053172,18.042360692929844,193,437
264,14,-0.07911591231822968,0.7991468906402588,0.25937873125076294,0.5050129294395447,-5.653885331092439,17.899966855333084,214,438
264,15,-0.09889489412307739,1.005530595779419,0.3031460642814636,0.5438600778579712,-5.617030096234646,16.70087967004969,255,423
264,16,-0.05274394154548645,0.8020454049110413,0.25712570548057556,0.5827072262763977,-3.7624555478581883,17.73929219921791,236,458
264,17,-0.05274394154548645,0.8006847500801086,0.2613320052623749,0.6215543746948242,-3.768830917711483,18.039382748199294,222,478
264,18,-0.05274394154548645,0.8001471161842346,0.26297348737716675,0.6604015231132507,-3.771355960408885,18.15663013877843,211,491
264,19,-0.05274394154548645,0.7980033755302429,0.2694087624549866,0.6992486715316772,-3.781457901786116,18.617051685677083,199,502
264,20,-0.05274394154548645,0.7981738448143005,0.26890337467193604,0.7380958199501038,-3.780652622670643,18.580847661242892,197,497
264,21,-0.05274394154548645,0.7987925410270691,0.2670598030090332,0.7769429683685303,-3.7777328411913995,18.448849136151203,194,488
264,22,-0.07911591231822968,0.7945699691772461,0.2730780839920044,0.8157901167869568,-5.686240301769608,18.880135666215946,188,485
264,23,-0.05274394154548645,0.7951157093048096,0.27781549096107483,0.8546372652053833,-3.7951511720083824,19.220413359631046,164,485
264,24,-0.05274394154548645,0.7850552201271057,0.3050881326198578,0.8934844136238098,-3.843641200993778,21.19359530697318,156,473
264,25,-0.07911591231822968,0.7944904565811157,0.27330929040908813,0.9323315620422363,-5.686805650750837,18.896726857158335,176,446
264,26,-0.026371970772743225,0.7888841032981873,0.2985612452030182,0.9323315620422363,-1.9146540438682946,20.71907010969577,176,446
264,27,-0.05274394154548645,0.7932641506195068,0.28305909037590027,0.9711787104606628,-3.8039834604992646,19.597872697308997,206,420
264,28,-0.05274394154548645,0.7892261743545532,0.29413002729415894,1.0100258588790894,-3.8233884823415796,20.39775557524022,195,422
264,29,-0.05274394154548645,0.788034200668335,0.29730886220932007,1.048872947692871,-3.8291545146091113,20.62818956271343,165,412
264,30,-0.07911591231822968,0.7840967774391174,0.3018364906311035,1.0877201557159424,-5.7616838286397964,20.957003466414463,142,417
264,31,0.0,0.9819340109825134,0.3854542076587677,1.1265673637390137,0.0,21.432288001705757,111,417
264,32,-0.09889489412307739,0.9630084037780762,0.41905128955841064,1.1265673637390137,-5.863361466820181,23.406414561123164,111,417
264,33,-0.05274394154548645,0.7568808794021606,0.36948856711387634,1.1654144525527954,-3.986264928823769,25.965696151898754,97,406
264,34,0.0,0.7198458313941956,0.44044795632362366,1.9812045097351074,0.0,31.46097496383998,149,398
264,35,0.0,0.7202215194702148,0.43983328342437744,2.0200517177581787,0.0,31.412064833223095,153,404
264,36,0.0,0.9049716591835022,0.5420292615890503,2.05889892578125,0.0,30.919336638510327,124,411
264,37,0.0,0.9135518670082092,0.5274394154548645,2.097745895385742,0.0,29.999999992838863,69,412
264,38,0.0,0.7007309794425964,0.4702642560005188,2.1754403114318848,0.0,33.86577024226277,116,401
264,39,0.0,0.8859827518463135,0.5725416541099548,2.214287519454956,0.0,32.87143859376594,146,404
264,40,0.03296496346592903,0.8272122740745544,0.6537602543830872,2.2531347274780273,2.2820676910425255,38.29781899259712,165,399
264,41,0.13185985386371613,0.9783554673194885,-0.37175658345222473,-2.097745895385742,7.675901386987957,-20.635182915109276,90,402
264,42,0.23075474798679352,1.0051912069320679,-0.22161276638507843,-2.097745895385742,12.928984089329669,-12.12725288467608,90,402
264,43,0.09889489412307739,1.0206795930862427,-0.24739110469818115,-2.05889892578125,5.534183166219516,-13.563381340218095,112,406
264,44,0.06592992693185806,1.0251206159591675,-0.2398967295885086,-1.9423574209213257,3.6798704967782325,-13.145010316054522,85,390
264,45,0.07911591231822968,0.7977249026298523,-0.26371970772743225,-1.8646631240844727,5.663898217520632,-18.209956230769993,104,390
264,46,0.18460379540920258,0.8041530251502991,-0.17729021608829498,-1.8646631240844727,12.92898296151042,-12.127252263400665,104,390
264,47,0.13185985386371613,0.7841057777404785,-0.2827780842781067,-1.8258159160614014,9.545879976947383,-19.577622901639852,97,390
264,48,-0.26371970772743225,0.6036820411682129,-0.5274394154548645,-1.8258159160614014,-23.598207505017108,-38.68218603579026,97,390
264,49,0.1054878830909729,0.8328112959861755,-0.08642949908971786,-1.7869688272476196,7.218916033493791,-5.878333505828182,77,408
264,50,0.1054878830909729,0.7993732690811157,-0.24909253418445587,-1.748121738433838,7.517499956674252,-17.16756549165568,91,405
264,51,0.07911591231822968,0.8147982358932495,-0.20498026907444,-1.7092745304107666,5.545964301713781,-14.057499020104745,93,412
264,52,0.13185985386371613,0.7968225479125977,-0.2446613311767578,-1.7092745304107666,9.396272204145564,-16.85295084622309,93,412
264,53,0.06592992693185806,1.0127891302108765,-0.2875426709651947,-1.6704273223876953,3.724550385530364,-15.818064105112805,110,396
264,54,0.09889489412307739,1.0265851020812988,-0.22161276638507843,-1.6315802335739136,5.502543306970421,-12.127252576616737,110,389
264,55,0.09889489412307739,1.0357242822647095,-0.17396679520606995,-1.5538859367370605,5.454283230672398,-9.49237632443999,73,407
264,56,0.03296496346592903,1.035645604133606,-0.19778978824615479,-1.5150387287139893,1.8231292477441545,-10.806923502593822,79,405
264,57,0.16482481360435486,1.0354973077774048,-0.11553124338388443,-1.4761916399002075,9.044156489471597,-6.287696323685746,101,405
264,58,0.06592992693185806,1.051647424697876,-0.049601320177316666,-1.4373445510864258,3.5872947609972554,-2.69509113428521,125,393
264,59,0.09889489412307739,1.048161506652832,-0.06592992693185806,-1.3984973430633545,5.389947476517968,-3.583321458357607,114,396
264,60,0.06592992693185806,1.0525469779968262,0.023822980001568794,-1.3596501350402832,3.5842368955575497,1.294055935903143,73,397
264,61,0.0,1.0433274507522583,0.15568283200263977,-1.0877201557159424,0.0,8.486919558344967,74,402
264,62,0.0,1.007879376411438,0.31136566400527954,-0.9711787104606628,0.0,17.16756506056785,81,397
264,63,0.3296496272087097,0.8662972450256348,-0.503616452217102,-0.9711787104606628,20.833179140467735,-28.516798798620588,81,397
264,64,0.03296496346592903,1.0308105945587158,0.22161276638507843,-0.7769429683685303,1.831674810611911,12.127252583410478,83,415
264,65,0.06592992693185806,0.9857330918312073,0.36980122327804565,-0.7380958199501038,3.8264808025124792,20.52173848787416,78,418
264,66,0.0,1.007879376411438,0.31136566400527954,-0.6992486715316772,0.0,17.16756506056785,107,404
264,67,0.03296496346592903,0.9592252969741821,0.4376865327358246,-0.6604015231132507,1.968265692855187,24.51405213390492,108,403
264,68,-0.03296496346592903,0.9697420597076416,0.41386353969573975,-0.6604015231132507,-1.9469365515197088,23.09972926779688,108,403
264,69,0.06592992693185806,0.9857330918312073,0.36980122327804565,-0.6215543746948242,3.8264808025124792,20.52173848787416,121,409
264,70,-0.11867386847734451,1.2526308298110962,-0.1386374980211258,-0.5827072262763977,-5.412031422291289,-6.287696678371474,95,405
264,71,0.06592992693185806,0.9381329417228699,0.47783806920051575,-0.5438600778579712,4.020012260832863,26.934980976697844,95,402
264,72,0.0,1.2591983079910278,0.1296442449092865,-0.5050129294395447,0.0,5.878333162505145,147,400
264,73,0.0,1.246984839439392,0.21775341033935547,-0.46616578102111816,0.0,9.905337994415452,149,408
264,74,0.03955795615911484,1.236972689628601,0.2659353017807007,-0.42731863260269165,1.831674845892223,12.127252018709859,151,412
264,75,0.09889489412307739,1.0164918899536133,0.26407092809677124,-0.38847148418426514,5.5568402639879695,14.497214786650135,138,415
264,76,0.06592992693185806,1.0300267934799194,0.21786995232105255,-0.3496243357658386,3.662390521126891,11.91940241626805,155,414
264,77,0.11867386847734451,1.2087068557739258,0.35683614015579224,-0.3107771873474121,5.607471016723915,16.373245686523795,148,405
264,78,-0.3164636492729187,1.1951242685317993,-0.27187609672546387,-0.3107771873474121,-14.831283789633078,-12.402428193115869,148,405
264,79,-0.39557957649230957,1.2009837627410889,-0.05952158570289612,-0.2719300389289856,-18.230829666049353,-2.6950910740180927,85,419
264,80,-0.15823182463645935,1.237168788909912,-0.21624992787837982,-0.23308289051055908,-7.288465002972231,-9.836263385249266,148,457
264,81,0.23734773695468903,1.1702113151550293,0.42030876874923706,-0.23308289051055908,11.465465226239976,19.392373309182947,148,457
264,82,-0.03955795615911484,1.2568254470825195,0.14564582705497742,-0.19423574209213257,-1.8027610384414416,6.6069309660002125,208,475
264,83,0.0,1.2644834518432617,0.05890246853232384,-0.15538859367370605,0.0,2.667037657284282,233,502
264,84,0.0,1.2638375759124756,0.07143166661262512,-0.11654144525527954,0.0,3.234896158472848,271,533
264,85,0.0,1.2644619941711426,0.05936193838715553,-0.07769429683685303,0.0,2.6878570904740084,280,545
264,86,0.0,1.2630301713943481,-0.08451378345489502,-0.038847148418426514,0.0,-3.828155174423323,220,565
264,87,-0.17141780257225037,2.127429485321045,1.7224923372268677,-0.038847148418426514,-4.606659927871068,38.90503541380026,74,509
265,0,0.11867386847734451,1.2300868034362793,0.274209588766098,0.0,5.51061361289796,12.510593950165335,276,523
265,1,0.0,1.2630064487457275,0.08486902713775635,0.038847148418426514,0.0,3.8442702125888295,189,492
265,2,0.0,1.2528597116470337,0.18091604113578796,0.07769429683685303,0.0,8.216853626416302,170,453
265,3,0.0,1.0431431531906128,0.15691278874874115,0.11654144525527954,0.0,8.554470505841117,129,457
265,4,0.03296496346592903,0.9928997159004211,0.35472917556762695,0.15538859367370605,1.9015613829173754,19.650077224733568,130,460
265,5,0.09889489412307739,0.9809612035751343,0.37510576844215393,0.15538859367370605,5.756782096623578,20.829689402725776,130,460
265,6,-0.09889489412307739,1.0403796434402466,0.14352518320083618,0.19423574209213257,-5.430023285178942,7.819829155403585,108,464
265,7,-0.03296496346592903,0.9479935169219971,0.46150949597358704,0.23308289051055908,-1.9915669375997749,25.944479451475452,130,450
265,8,-0.06592992693185806,0.967271625995636,0.41570213437080383,0.2719300389289856,-3.899290293706937,23.2083407718073,133,445
265,9,-0.09889489412307739,0.9920628666877747,0.3446744382381439,0.42731863260269165,-5.692786430983364,19.071216612499303,162,407
265,10,-0.06592992693185806,0.9842709898948669,0.3736754059791565,0.46616578102111816,-3.832147989000797,20.74658908152538,203,398
265,11,-0.07911591231822968,0.767425000667572,0.34201163053512573,0.5050129294395447,-5.8859828803997525,23.908272725514934,191,414
265,12,-0.1054878830909729,0.7231884598731995,0.4219515323638916,0.5438600778579712,-8.298921429626516,30.000001079846502,148,397
265,13,0.0,0.9679208993911743,0.419402539730072,0.5827072262763977,0.0,23.427205198828737,84,405
265,14,-0.26371970772743225,1.5814388990402222,-0.5274394154548645,0.6604015231132507,-9.467488447932233,-18.20995727551276,86,399
265,15,-0.2109757661819458,1.6205356121063232,-0.4219515323638916,0.6992486715316772,-7.417555786814828,-14.477512178954797,91,398
265,16,-0.2109757661819458,1.6205356121063232,-0.4219515323638916,0.7380958199501038,-7.417555786814828,-14.477512178954797,87,399
265,17,-0.2109757661819458,1.4100112915039062,-0.9033531546592712,0.7769429683685303,-8.50986368979359,-32.35905585403277,95,403
265,18,0.0,1.347176432609558,-1.016762137413025,0.8157901167869568,0.0,-37.04315782923019,71,402
265,19,0.0,1.1846415996551514,0.4461079239845276,-0.3107771873474121,0.0,20.635183629588788,89,411
265,20,0.07911591231822968,1.2153469324111938,0.34505119919776917,-0.23308289051055908,3.724550458390422,15.818064139078658,102,410
265,21,0.0,1.2616277933120728,0.10335927456617355,-0.19423574209213257,0.0,4.683516183199565,148,432
265,22,-0.15823182463645935,1.2421385049819946,-0.18558719754219055,-0.15538859367370605,-7.259616034173831,-8.430533211768381,155,459
265,23,-0.03955795615911484,1.2649554014205933,0.026664268225431442,-0.11654144525527954,-1.7911821427125192,1.2069814184164607,238,509
265,24,0.0,1.0254091024398804,0.24759984016418457,-0.07769429683685303,0.0,13.575043629697442,266,556
265,25,0.03296496346592903,1.0153990983963013,0.28398463129997253,-0.038847148418426514,1.8594561828565424,15.617302657554186,266,579
265,26,0.5538113713264465,2.87174391746521,0.41290539503097534,-0.038847148418426514,10.915402394770753,8.035952806564566,79,513
266,0,0.07911591231822968,1.2555179595947266,0.14072398841381073,0.0,3.6057008594354514,6.382716622611437,276,509
266,1,0.11867386847734451,1.2463725805282593,0.18670794367790222,0.038847148418426514,5.439043594466352,8.481818639859581,256,569
266,2,0.15823182463645935,1.2178823947906494,0.30677834153175354,0.07769429683685303,7.402614826437868,14.025210297817148,211,536
266,3,0.0,1.2658452987670898,-0.004853912629187107,0.11654144525527954,0.0,-0.21970089497919218,239,490
266,4,0.0,1.0442363023757935,0.1494654268026352,0.15538859367370605,0.0,8.145631546016302,222,477
266,5,0.0,2.3123841285705566,-0.19668370485305786,0.15538859367370605,0.0,-4.86168684349611,74,438
266,6,-0.03296496346592903,0.9825674295425415,0.38241857290267944,0.19423574209213257,-1.9215425299754705,21.25526540312921,165,480
266,7,-0.06592992693185806,0.9683278203010559,0.4132358133792877,0.23308289051055908,-3.8950502789118566,23.062667727864316,153,448
266,8,-0.46150949597358704,0.7769894599914551,-0.5441192388534546,0.23308289051055908,-30.709099378065705,-31.051750190988276,153,448
266,9,-0.06592992693185806,0.9487828016281128,0.456326425075531,0.2719300389289856,-3.975034056381166,25.631823113635203,239,412
266,10,-0.06592992693185806,0.9411277174949646,0.47191235423088074,0.3107771873474121,-4.007261864488541,26.574536228020598,251,406
266,11,-0.06592992693185806,0.94258052110672,0.4690038561820984,0.3496243357658386,-4.001105529329656,26.398035638736797,221,420
266,12,-0.06592992693185806,0.939518392086029,0.47510823607444763,0.38847148418426514,-4.014103587451747,26.76879074738599,202,404
266,13,0.0,0.9135518670082092,0.5274394154548645,0.42731863260269165,0.0,29.999999992838863,153,403
266,14,-0.06592992693185806,0.8208209872245789,0.6592992544174194,0.46616578102111816,-4.5922488001131825,38.68218631026033,81,398
266,15,0.0,1.2652174234390259,-0.04015989229083061,-0.15538859367370605,0.0,-1.8180432814267566,136,416
266,16,0.0,1.2610249519348145,-0.11047139018774033,-0.11654144525527954,0.0,-5.006583299564078,121,425
266,17,0.03955795615911484,1.2652230262756348,0.005796147510409355,-0.07769429683685303,1.790803511684914,0.2623492181405984,187,455
266,18,0.0,2.308530330657959,-0.23768113553524017,-0.07769429683685303,0.0,-5.878333399259111,71,417
266,19,0.14504584670066833,2.3116986751556396,0.14427313208580017,-0.07769429683685303,3.590275370566691,3.564207382851219,71,417
266,20,0.03296496346592903,1.054356336593628,0.0039045715238898993,-0.038847148418426514,1.7907970367154324,0.2120774316704538,198,504
267,0,0.05274394154548645,0.841162383556366,-0.04285220801830292,0.0,3.587956426784813,-2.910650653982867,207,524
267,1,0.0,2.3183650970458984,0.104821115732193,0.0,0.0,2.5887726250627496,72,477
267,2,0.05274394154548645,0.8419439196586609,-0.022823000326752663,0.038847148418426514,3.5846345873095844,-1.5497290088358084,198,583
267,3,0.06592992693185806,1.0408254861831665,0.15844526886940002,0.07769429683685303,3.6244945872434364,8.638652635456406,248,544
267,4,0.07911591231822968,1.2279200553894043,0.29722198843955994,0.11654144525527954,3.686519132339502,13.579802358413902,205,526
267,5,-0.15823182463645935,1.2404781579971313,-0.19637875258922577,0.15538859367370605,-7.269228969378367,-8.924643864504606,131,491
267,6,0.03955795615911484,1.2533844709396362,0.17277251183986664,0.19423574209213257,1.807706965018194,7.844606403024349,196,428
267,7,0.03955795615911484,1.2552498579025269,0.15865328907966614,0.23308289051055908,1.805022367497728,7.199983451185253,149,424
267,8,0.07911591231822968,1.230144739151001,0.28787606954574585,0.2719300389289856,3.6798704967782325,13.145010053337872,172,404
267,9,0.0,1.2256584167480469,0.3164636492729187,0.3107771873474121,0.0,14.477512503083895,71,405
267,10,0.11867386847734451,1.2056621313095093,0.3669919967651367,0.3107771873474121,5.621541278557149,16.85295097833235,71,405
267,11,0.0,0.9679208993911743,0.419402539730072,-0.42731863260269165,0.0,23.427205198828737,81,414
267,12,-0.09889489412307739,0.8736363649368286,0.5828796625137329,-0.38847148418426514,-6.458341364432577,33.542544032610145,144,406
267,13,-0.03296496346592903,0.9436415433883667,0.4703437089920044,-0.3496243357658386,-2.0007443829649323,26.479312173003276,178,415
267,14,-0.07911591231822968,1.230144739151001,0.28787606954574585,-0.3107771873474121,-3.6798704967782325,13.145010053337872,104,411
267,15,-0.06592992693185806,0.9272012114524841,0.49871888756752014,-0.2719300389289856,-4.067250185324645,28.214489327835846,172,426
267,16,-0.13185985386371613,0.9145405292510986,0.5089183449745178,-0.23308289051055908,-8.204452762116494,28.845046180641017,141,440
267,17,-0.23734773695468903,1.158209204673767,0.4523332417011261,-0.19423574209213257,-11.581083752946858,20.936574988553527,100,426
267,18,-0.03955795615911484,1.264193058013916,-0.051371291279792786,-0.15538859367370605,-1.792261570873183,-2.325833187435135,141,423
267,19,-0.03955795615911484,1.1079343557357788,0.6109865307807922,-0.11654144525527954,-2.0448337514157453,28.859747887590476,69,444
267,20,0.39557957649230957,1.0041428804397583,-0.6615148782730103,-0.11654144525527954,21.501836352741794,-31.50571361113996,69,444
267,21,0.11867386847734451,1.259429693222046,0.0462721511721611,-0.038847148418426514,5.382987372350676,2.094861328326325,136,529
268,0,0.0,2.641512393951416,1.3215609788894653,0.0,0.0,26.579014416589395,98,491
268,1,0.03296496346592903,1.0207825899124146,0.2639799416065216,0.038847148418426514,1.8496564519978465,14.492111869731174,203,616
268,2,-0.17141780257225037,2.0960872173309326,1.7604985237121582,0.038847148418426514,-4.675239043913186,39.93280101384937,99,534
268,3,0.07252292335033417,2.3191795349121094,0.04417502507567406,0.07769429683685303,1.7911091944773225,1.0906875755458991,98,524
268,4,-0.18460379540920258,2.723975419998169,1.126938819885254,0.07769429683685303,-3.877006436243963,22.429087650573614,107,505
268,5,0.07911591231822968,1.2497632503509521,0.18498729169368744,0.11654144525527954,3.62225970903614,8.403084782247841,174,556
268,6,0.0,1.2639515399932861,0.06938455998897552,0.15538859367370605,0.0,3.142095452896735,220,487
268,7,-0.03955795615911484,1.2614545822143555,0.09775135666131973,0.19423574209213257,-1.7961498230076722,4.428882768761169,256,450
268,8,-0.07911591231822968,1.26102614402771,0.07708141952753067,0.23308289051055908,-3.589992373697021,3.4910596992202088,203,449
268,9,0.03296496346592903,1.0522334575653076,0.06698916107416153,0.2719300389289856,1.7944076067551749,3.6409683391342473,161,453
268,10,0.0,1.2585368156433105,0.13591508567333221,0.3107771873474121,0.0,6.163742375325009,228,418
268,11,-0.03955795615911484,1.2567354440689087,0.1464209109544754,0.3496243357658386,-1.8028900607031924,6.642248722837745,185,415
268,12,0.0,1.2345141172409058,0.2799336910247803,0.42731863260269165,0.0,12.776119961383845,146,416
268,13,0.03955795615911484,1.2330787181854248,0.2834431529045105,0.46616578102111816,1.837455180757755,12.939052461328169,170,391
268,14,0.0,1.2256584167480469,0.3164636492729187,0.5050129294395447,0.0,14.477512503083895,94,408
268,15,0.03296496346592903,1.0399125814437866,0.17396679520606995,-0.42731863260269165,1.8156535871473822,9.492376854322043,98,394
268,16,-0.09889489412307739,1.011663556098938,0.2820036709308624,-0.42731863260269165,-5.583194040514928,15.505611562944459,98,394
268,17,-0.13185985386371613,0.7841057777404785,0.2827780842781067,-0.38847148418426514,-9.545879976947383,19.577622901639852,105,406
268,18,-0.13185985386371613,0.9800227880477905,0.3673386871814728,-0.3496243357658386,-7.6629976174894,20.378989267765256,176,432
268,19,-0.09889489412307739,0.987372875213623,0.3578881621360779,-0.3107771873474121,-5.71964812630155,19.832371530146837,203,432
268,20,-0.1054878830909729,0.7891550064086914,0.27978384494781494,-0.2719300389289856,-7.613704559420701,19.36200302552954,157,428
268,21,-0.13185985386371613,1.0035251379013062,0.2971862852573395,-0.23308289051055908,-7.4855909957683515,16.36321559021356,110,444
268,22,0.0,1.233231782913208,0.28552964329719543,-0.19423574209213257,0.0,13.035972286428544,108,460
268,23,0.07911591231822968,1.2619181871414185,0.06075379252433777,-0.15538859367370605,3.5874612573538815,2.750927049995019,130,475
268,24,0.0,1.2499511241912842,0.20002561807632446,-0.07769429683685303,0.0,9.091771420275434,157,462
268,25,0.03955795615911484,1.255448341369629,0.1570747196674347,-0.038847148418426514,1.8047371863863295,7.127971375795448,158,505
268,26,0.07252292335033417,2.2983663082122803,-0.3131401836872101,-0.038847148418426514,1.8073181638756168,-7.754662127412123,68,462
269,0,0.09889489412307739,1.0501585006713867,0.012505346909165382,0.0,5.37975807972361,0.6792442186810123,223,532
269,1,0.06592992693185806,1.0514330863952637,0.05395563691854477,0.038847148418426514,3.588024133366914,2.931881391998421,236,570
269,2,0.03296496346592903,1.0452880859375,0.13804152607917786,0.07769429683685303,1.8063225982189053,7.519295802186026,237,520
269,3,-0.06592992693185806,1.0386686325073242,0.17201778292655945,0.11654144525527954,-3.632000927941586,9.385062930840277,213,514
269,4,-0.06592992693185806,1.045320987701416,0.12540601193904877,0.15538859367370605,-3.6089483910450757,6.827578801741467,213,506
269,5,-0.13185985386371613,1.04161536693573,0.1020769327878952,0.19423574209213257,-7.214793012308546,5.553001472367146,166,497
269,6,-0.06592992693185806,1.0452214479446411,0.1262328177690506,0.23308289051055908,-3.6092911741869598,6.872809784562657,156,476
269,7,-0.11867386847734451,1.2600884437561035,0.02194076031446457,0.2719300389289856,-5.380189765476601,0.9931440454950548,110,425
269,8,0.07911591231822968,1.2126479148864746,0.35442009568214417,0.3107771873474121,3.7328168617747726,16.259299689700352,88,442
269,9,0.0,1.25199294090271,0.1868194043636322,0.3496243357658386,0.0,8.486919825176399,87,427
269,10,0.07911591231822968,1.236975908279419,0.2569420635700226,0.42731863260269165,3.659603880844631,11.711224385551665,118,400
269,11,0.3164636492729187,1.0979124307632446,0.5448181629180908,0.42731863260269165,16.079163546899732,25.492664961247424,118,400
269,12,0.0,1.1846415996551514,0.4461079239845276,0.5827072262763977,0.0,20.635183629588788,76,414
269,13,0.06592992693185806,0.8208209872245789,0.6592992544174194,0.6215543746948242,4.5922488001131825,38.68218631026033,70,399
269,14,0.0,1.4768303632736206,0.0,0.6604015231132507,0.0,0.0,69,402
269,15,-0.4285445213317871,0.7596260905265808,-0.5933693647384644,-1.748121738433838,-29.42960185660077,-34.228866796978345,72,408
269,16,-0.06592992693185806,0.9245501756668091,0.503616452217102,-1.7092745304107666,-4.078873226050925,28.516798950629237,123,413
269,17,-0.39557957649230957,0.8706894516944885,-0.44518089294433594,-1.7092745304107666,-24.433681580172443,-24.962240012335126,123,413
269,18,0.0,0.9260973334312439,0.5050872564315796,-1.6704273223876953,0.0,28.607753996700616,155,406
269,19,0.0,0.9272793531417847,0.5029139518737793,-1.6315802335739136,0.0,28.473381350392078,198,413
269,20,0.0,0.9221547245979309,0.5122499465942383,-1.5927331447601318,0.0,29.05183920125404,191,419
269,21,-0.06592992693185806,0.9323495626449585,0.4890265464782715,-1.5538859367370605,-4.0448659449598425,27.618716372393738,137,422
269,22,0.03955795615911484,1.265236258506775,-0.0004214766377117485,-0.7769429683685303,1.7907847951041598,-0.01907709897936931,69,419
269,23,-0.15823182463645935,1.2154017686843872,-0.3164636492729187,-0.7769429683685303,-7.417555427100588,-14.477511510134752,69,419
269,24,0.03955795615911484,1.265236258506775,-0.0004214766377117485,-0.6604015231132507,1.7907847951041598,-0.01907709897936931,71,418
269,25,0.0,1.0276931524276733,0.23794136941432953,-0.5827072262763977,0.0,13.035972286428544,106,410
269,26,0.0,1.0460811853408813,0.135953888297081,-0.5438600778579712,0.0,7.404937250769193,95,423
269,27,0.0,0.9872012734413147,0.37175658345222473,-0.5050129294395447,0.0,20.635183760603045,77,426
269,28,0.0,1.0019325017929077,0.3300008475780487,-0.46616578102111816,0.0,18.230040357887088,103,408
269,29,-0.06592992693185806,1.014443039894104,0.28165245056152344,-0.46616578102111816,-3.7184950697402677,15.485814594236363,103,408
269,30,-0.07911591231822968,1.253431797027588,0.15823182463645935,-0.42731863260269165,-3.6116861746512954,7.180755684403435,144,418
269,31,-0.11867386847734451,1.2423975467681885,0.2115485966205597,-0.38847148418426514,-5.456340882760506,9.620364500566776,167,420
269,32,0.0,1.2434844970703125,0.23692627251148224,-0.3496243357658386,0.0,10.787502897511425,127,422
269,33,-0.13185985386371613,1.0372389554977417,0.13970546424388885,-0.3107771873474121,-7.244911533139387,7.610466336319203,157,445
269,34,-0.07911591231822968,0.8314926028251648,0.12055350840091705,-0.2719300389289856,-5.435288303905386,8.212931120816583,117,504
269,35,-0.07252292335033417,2.3194143772125244,-0.029362091794610023,-0.2719300389289856,-1.7909279615472287,-0.7249297273925801,135,419
269,36,-0.13185985386371613,1.0336699485778809,0.16403870284557343,-0.23308289051055908,-7.2696592715670985,8.946073416394318,164,514
269,37,-0.07252292335033417,2.319321870803833,0.03592293709516525,-0.23308289051055908,-1.7909993463854827,0.8869242801385304,186,412
269,38,-0.14504584670066833,2.3161072731018066,0.0203128419816494,-0.19423574209213257,-3.583459279614281,0.5015030790807049,153,438
269,39,-0.13185985386371613,1.036412239074707,0.14571215212345123,-0.11654144525527954,-7.250629115289414,7.939747092666729,240,480
269,40,-0.09889489412307739,1.033473253250122,0.18687498569488525,-0.07769429683685303,-5.4660914402734395,10.20397546741152,199,538
269,41,0.0,1.044090986251831,0.15047690272331238,-0.038847148418426514,0.0,8.201133974539896,191,564
270,0,0.0,1.2642738819122314,0.06324084103107452,0.0,0.0,2.8636324352718865,231,498
270,1,0.03955795615911484,1.2628955841064453,0.07692791521549225,0.038847148418426514,1.7941017021404344,3.484098614430022,243,509
270,2,-0.03955795615911484,1.259907841682434,0.11599631607532501,0.07769429683685303,-1.7983534402029928,5.257662354094513,249,475
270,3,-0.07911591231822968,1.2470568418502808,0.20242969691753387,0.11654144525527954,-3.6300998722986764,9.201988151716701,235,460
270,4,-0.03955795615911484,1.2524250745773315,0.17959553003311157,0.15538859367370605,-1.8090908046648422,8.156468897741883,228,458
270,5,-0.07911591231822968,1.2543038129806519,0.15116353332996368,0.19423574209213257,-3.60918190072374,6.85841061179444,209,441
270,6,-0.07911591231822968,1.2615723609924316,0.0675562396645546,0.23308289051055908,-3.5884420941576685,3.0592194454498944,210,437
270,7,-0.11867386847734451,1.2549821138381958,0.1154305711388588,0.2719300389289856,-5.401951695546148,5.231947541620504,213,417
270,8,-0.03955795615911484,1.2644355297088623,0.04500903561711311,0.3107771873474121,-1.7919181058696263,2.0376522577762914,193,423
270,9,-0.07911591231822968,1.2633167505264282,0.01262598391622305,0.3496243357658386,-3.583500088660384,0.5714934142753018,222,419
270,10,-0.07911591231822968,1.2633748054504395,-0.0035786419175565243,0.38847148418426514,-3.5833358478074784,-0.16197858827425238,203,412
270,11,-0.07911591231822968,1.2632784843444824,-0.015999983996152878,0.42731863260269165,-3.5836083542002526,-0.7242190147776577,169,420
270,12,-0.11867386847734451,1.2556688785552979,-0.10770349204540253,0.46616578102111816,-5.399014661775043,-4.880833390427657,157,408
270,13,0.0,1.25199294090271,0.1868194043636322,0.5050129294395447,0.0,8.486919825176399,116,411
270,14,0.0,1.25199294090271,0.1868194043636322,0.5438600778579712,0.0,8.486919825176399,101,412
270,15,-0.11867386847734451,1.2502533197402954,0.15865328907966614,0.5438600778579712,-5.422261783438096,7.199983873710756,101,412
270,16,0.0,1.2591983079910278,0.1296442449092865,0.5827072262763977,0.0,5.878333162505145,87,405
270,17,-0.15823182463645935,1.249216914176941,0.1296442449092865,0.5827072262763977,-7.218916203897228,5.8783334751560465,87,405
270,18,0.0,1.0540521144866943,0.04175571724772453,0.6215543746948242,0.0,2.2685558261062915,89,412
270,19,0.07911591231822968,1.230144739151001,0.28787606954574585,0.7380958199501038,3.6798704967782325,13.145010053337872,100,408
270,20,-0.3164636492729187,1.0495911836624146,-0.6329272985458374,0.7380958199501038,-16.778654911636753,-30.000000050801344,100,408
270,21,0.03955795615911484,1.2319527864456177,0.288297563791275,0.7769429683685303,1.8391333529988731,13.164602288960221,110,412
270,22,0.03955795615911484,1.1510703563690186,0.5252238512039185,0.8157901167869568,1.968265692855187,24.51405262483908,86,404
270,23,0.11867386847734451,1.1963082551956177,0.39642250537872314,0.8934844136238098,5.665211010514855,18.250127622645806,126,410
270,24,0.07911591231822968,1.20533287525177,0.3785516619682312,0.9323315620422363,3.755406306820649,17.40044971335996,180,392
270,25,0.07911591231822968,1.1976404190063477,0.40222635865211487,0.9711787104606628,3.779457630580603,18.526959008524383,167,399
270,26,0.15823182463645935,1.1802029609680176,0.4295014441013336,0.9711787104606628,7.636206035199303,19.834086912043375,167,399
270,27,0.07911591231822968,1.1708085536956787,0.47469547390937805,1.0100258588790894,3.865813197890004,22.024313375971534,123,396
270,28,-0.35602161288261414,0.9841904640197754,-0.7120432257652283,1.0100258588790894,-19.887112536207475,-34.22886775815807,123,396
270,29,0.0,0.6845852136611938,0.4934728741645813,-2.2919816970825195,0.0,35.78537700613574,110,408
270,30,-0.07911591231822968,0.6872251033782959,0.4833577275276184,-2.2531347274780273,-6.567192579706903,34.94323007816653,116,409
270,31,-0.07911591231822968,0.6932368278503418,0.47469547390937805,-2.1365931034088135,-6.510733223243605,34.22886534440114,73,418
270,32,0.0,0.7432885766029358,0.39961791038513184,-2.097745895385742,0.0,28.264027866218456,112,408
270,33,0.0,0.7308414578437805,0.4219515323638916,-2.05889892578125,0.0,30.000001206874515,123,395
270,34,-0.05274394154548645,0.6821436882019043,0.4940348267555237,-2.0200517177581787,-4.421362306373322,35.83242446097871,106,407
270,35,-0.05274394154548645,0.7475681304931641,0.3879849910736084,-1.9812045097351074,-4.03576030817161,27.371019179795223,126,404
270,36,0.0,0.7650707960128784,0.3561447262763977,-1.9423574209213257,0.0,24.962240812962094,104,405
270,37,-0.36920759081840515,0.5455875396728516,-0.5274394154548645,-1.9423574209213257,-34.08682452966581,-38.68218869311552,104,405
270,38,-0.1054878830909729,0.7416710257530212,0.38854697346687317,-1.903510332107544,-8.09488628148883,27.41399334053797,142,404
270,39,-0.07911591231822968,0.7647438645362854,0.3479653298854828,-1.8646631240844727,-5.906473070729158,24.351195193672215,145,407
270,40,-0.1054878830909729,0.7231884598731995,0.4219515323638916,-1.8258159160614014,-8.298921429626516,30.000001079846502,119,400
270,41,-0.1054878830909729,0.7516234517097473,0.36892661452293396,-1.7869688272476196,-7.989092960457577,25.923267695321506,151,409
270,42,-0.07911591231822968,0.7637463808059692,0.3501492142677307,-1.748121738433838,-5.914132522185782,24.514052279732276,126,403
270,43,-0.1054878830909729,0.7584517002105713,0.35467684268951416,-1.7092745304107666,-7.918084456935025,24.852361658757587,183,402
270,44,-0.07911591231822968,0.7531066536903381,0.3724828362464905,-1.6704273223876953,-5.9970813785775094,26.192031208641897,184,402
270,45,-0.1054878830909729,0.7573769688606262,0.35696616768836975,-1.6315802335739136,-7.929177547926927,25.023773133730227,147,412
270,46,-0.07911591231822968,0.7858945727348328,0.2971242666244507,-1.5927331447601318,-5.748591901339575,20.6147978861931,180,406
270,47,-0.07911591231822968,0.7708748579025269,0.33416318893432617,-1.5538859367370605,-5.8598253456871205,23.326697608470276,207,416
270,48,-0.07911591231822968,0.7601052522659302,0.3579847812652588,-1.5150387287139893,-5.942260725526533,25.10011830199032,199,419
270,49,-0.07911591231822968,0.7371320724487305,0.40317413210868835,-1.4761916399002075,-6.126067818024496,28.538510381204258,175,415
270,50,-0.05274394154548645,0.7598302960395813,0.36338457465171814,-1.4373445510864258,-3.9708411264683754,25.505637910638256,191,421
270,51,-0.07911591231822968,0.7668142914772034,0.34337863326072693,-1.3984973430633545,-5.890637667025578,24.009835516921743,198,429
270,52,-0.07911591231822968,0.7622045874595642,0.3534928858280182,-1.3596501350402832,-5.926010625901472,24.763805482066893,200,423
270,53,-0.1054878830909729,0.7598205208778381,0.35173487663269043,-1.3208030462265015,-7.904000430656804,24.632430263194077,184,421
270,54,-0.1054878830909729,0.7788330316543579,0.30734971165657043,-1.2819559574127197,-7.713402988748577,21.35837262254326,155,416
270,55,-0.05274394154548645,0.7475681304931641,0.3879849910736084,-1.2431087493896484,-4.03576030817161,27.371019179795223,105,427
270,56,-0.3164636492729187,1.5322999954223633,-0.6329272985458374,-1.2431087493896484,-11.669146600545055,-22.02431305788535,78,406
270,57,-0.09889489412307739,0.9971561431884766,0.3296496272087097,-1.048872947692871,-5.663898345398814,18.209955588428958,86,391
270,58,-0.1054878830909729,0.7231884598731995,0.4219515323638916,-1.0100258588790894,-8.298921429626516,30.000001079846502,98,397
270,59,-0.05274394154548645,0.7805390954017639,0.3164636492729187,-0.9711787104606628,-3.865812903578347,22.02431186187994,128,407
270,60,-0.1054878830909729,0.789696991443634,0.27825045585632324,-0.9323315620422363,-7.608540355353223,19.25169122394605,160,418
270,61,-0.1054878830909729,0.7836546897888184,0.29483890533447266,-0.8934844136238098,-7.666510243798402,20.44911237787511,186,419
270,62,-0.1054878830909729,0.7950855493545532,0.2624569237232208,-0.8546372652053833,-7.557572797003476,18.11972511861825,198,423
270,63,-0.1054878830909729,0.7953888177871704,0.2615363299846649,-0.8157901167869568,-7.554724510179162,18.05397411180188,200,424
270,64,-0.1054878830909729,0.8049038052558899,0.230596125125885,-0.7769429683685303,-7.466431589333898,15.857725158573642,193,421
270,65,-0.07911591231822968,0.810771107673645,0.22037069499492645,-0.7380958199501038,-5.573338284170548,15.13728407590349,180,418
270,66,-0.09889489412307739,1.0326871871948242,0.19117112457752228,-0.6992486715316772,-5.470226919215947,10.441159488915197,150,429
270,67,-0.19778978824615479,1.0345211029052734,0.058435555547475815,-0.6604015231132507,-10.823742977294323,3.175554606489135,73,429
270,68,-0.5274394154548645,0.6563131213188171,-0.635476291179657,-0.6604015231132507,-38.786748115543126,-37.04315482927394,73,429
270,69,-0.13185985386371613,1.0337568521499634,0.16349022090435028,-0.6215543746948242,-7.269054678926947,8.91591689090671,93,432
270,70,-0.06592992693185806,1.04452645778656,0.13185985386371613,-0.5827072262763977,-3.6116863116852995,7.180755953653309,89,427
270,71,-0.16482481360435486,0.8887735605239868,0.543768048286438,-0.5438600778579712,-10.50625551263357,31.029487727049943,84,432
270,72,0.0,1.053802251815796,0.04764596000313759,-0.5050129294395447,0.0,2.5887726927031456,107,437
270,73,-0.13185985386371613,1.0240578651428223,-0.21607375144958496,-0.46616578102111816,-7.337154117598198,-11.819709400097876,81,441
270,74,-0.23075474798679352,1.4042468070983887,-0.3948051333427429,-0.42731863260269165,-9.33180653412511,-15.505611772473365,121,423
270,75,-0.09889489412307739,1.0438868999481201,0.11527889221906662,-0.2719300389289856,-5.411887964518413,6.273907317242878,131,470
270,76,0.07911591231822968,1.2588077783584595,0.10738495737314224,-0.23308289051055908,3.596302339049012,4.866363363294008,154,486
270,77,0.0,1.2489371299743652,0.20626187324523926,-0.19423574209213257,0.0,9.377747304624299,203,495
270,78,0.09230189770460129,2.941502332687378,-0.2513081431388855,-0.19423574209213257,1.7973041771216973,-4.880833376685978,75,442
270,79,-0.09230189770460129,2.9464409351348877,-0.18460379540920258,-0.19423574209213257,-1.794293642052232,-3.5833215589721723,75,442
270,80,0.0,1.255231499671936,0.16365130245685577,-0.15538859367370605,0.0,7.428062210853446,240,487
270,81,0.0,2.8598697185516357,-0.7384151816368103,-0.15538859367370605,0.0,-14.477512117675756,68,436
270,82,0.0,1.251600980758667,0.18942800164222717,-0.11654144525527954,0.0,8.606316977528662,244,485
270,83,-0.03955795615911484,1.258256435394287,0.13271686434745789,-0.07769429683685303,-1.8007121471864964,6.018160848863297,248,523
270,84,0.0,1.2645188570022583,0.058136019855737686,-0.038847148418426514,0.0,2.632309257807885,256,547
271,0,0.07911591231822968,1.2450989484786987,0.21414333581924438,0.0,3.635792832801668,9.739504860488841,309,468
271,1,0.03955795615911484,1.2607247829437256,0.10675152391195297,0.038847148418426514,1.7971888836076755,4.837589727528856,200,494
271,2,-0.29009169340133667,2.2703697681427,-0.38349971175193787,0.038847148418426514,-7.281392936765368,-9.511720151757663,73,465
271,3,0.0,1.259930968284607,0.12231898307800293,0.07769429683685303,0.0,5.545118555959033,135,476
271,4,0.0,1.25199294090271,0.1868194043636322,0.11654144525527954,0.0,8.486919825176399,173,437
271,5,-0.07911591231822968,1.2170205116271973,-0.3391011655330658,0.15538859367370605,-3.71944304993783,-15.538343026729777,172,431
271,6,-0.11867386847734451,1.2261475324630737,-0.29131871461868286,0.19423574209213257,-5.528208183319022,-13.305078867991218,133,472
271,7,-0.03955795615911484,1.2553560733795166,0.15781034529209137,0.2719300389289856,-1.8048697458594845,7.16152828371145,111,473
271,8,0.0,1.2375143766403198,0.26635679602622986,0.3107771873474121,0.0,12.146766393719785,100,459
271,9,0.0,1.2292827367782593,0.3020792603492737,0.3496243357658386,0.0,13.806086170446859,134,438
271,10,-0.03955795615911484,1.2321497201919556,0.28745460510253906,0.38847148418426514,-1.8388396072456952,13.125421503496698,120,413
271,11,-0.07911591231822968,1.261976957321167,0.05952158570289612,0.46616578102111816,-3.587294625805511,2.6950911003714153,84,405
271,12,-0.23734773695468903,1.2430754899978638,0.028587576001882553,0.46616578102111816,-10.809712956460244,1.294055979678566,84,405
271,13,-0.09889489412307739,1.031440019607544,-0.19778978824615479,-1.0877201557159424,-5.476801061132866,-10.80692248064857,70,391
271,14,-0.11867386847734451,1.2248154878616333,0.29686930775642395,-0.9323315620422363,-5.5341830661033455,13.563380809911282,71,411
271,15,0.0,1.2633533477783203,0.07953739166259766,-0.8934844136238098,0.0,3.6024364739007844,104,401
271,16,-0.09889489412307739,0.6137860417366028,0.11867386847734451,-0.8546372652053833,-9.15298897048809,10.80692251960495,73,407
271,17,-0.13185985386371613,0.8262585401535034,0.10991909354925156,-0.7769429683685303,-9.067184836914432,7.484088253079855,118,412
271,18,-0.16482481360435486,1.0380494594573975,0.08975290507078171,-0.7380958199501038,-9.02228669916624,4.880832823016542,126,413
271,19,-0.15823182463645935,0.8221966624259949,0.1054878830909729,-0.6992486715316772,-10.89339487506282,7.180755927238111,134,410
271,20,-0.11867386847734451,0.6146643757820129,0.0932803526520729,-0.6604015231132507,-10.927695938027886,8.47508043095461,156,411
271,21,-0.09889489412307739,0.6193616986274719,0.08489944040775299,-0.6215543746948242,-9.071967675034623,7.708762205160641,175,415
271,22,-0.09889489412307739,0.6180647611618042,0.09387610852718353,-0.5827072262763977,-9.090686599503226,8.529610917942819,156,423
271,23,-0.13185985386371613,0.8241380453109741,0.12482724338769913,-0.5438600778579712,-9.090125537218352,8.50620778835444,176,416
271,24,-0.07911591231822968,1.26265287399292,0.04285078123211861,-0.5050129294395447,-3.5853793047337557,1.939905351229449,215,417
271,25,-0.07911591231822968,1.2620391845703125,0.058187369257211685,-0.46616578102111816,-3.5871182092506064,2.634635701317804,210,419
271,26,-0.1054878830909729,0.831601083278656,0.09738761186599731,-0.42731863260269165,-7.229310513693303,6.626778779998397,190,427
271,27,-0.09889489412307739,1.0468032360076904,0.08480663597583771,-0.38847148418426514,-5.396899889542556,4.611251696133967,170,444
271,28,0.07252292335033417,2.315060615539551,0.14504584670066833,-0.38847148418426514,1.7942938264926744,3.5833219262319544,74,403
271,29,-0.03955795615911484,1.2612278461456299,0.10063519328832626,-0.3496243357658386,-1.796472512611752,4.559814956823572,163,452
271,30,0.0,2.3207335472106934,0.0,-0.3496243357658386,0.0,0.0,82,414
271,31,-0.03955795615911484,1.2629904747009277,0.07535319775342941,-0.3107771873474121,-1.793966996351204,3.4126937561363255,122,475
271,32,-0.07911591231822968,1.230144739151001,0.28787606954574585,-0.2719300389289856,-3.6798704967782325,13.145010053337872,74,491
271,33,-0.07911591231822968,1.2516759634017944,0.17156913876533508,-0.23308289051055908,-3.6167391592829894,7.789627277072075,123,477
271,34,-0.07911591231822968,1.23536217212677,0.2645918130874634,-0.19423574209213257,-3.664371353099849,12.065061523503354,155,478
271,35,0.0,1.2544382810592651,0.16962487995624542,-0.15538859367370605,0.0,7.700815013473914,259,471
271,36,-0.03955795615911484,1.2584278583526611,0.131081685423851,-0.11654144525527954,-1.8004670157578149,5.943743315656761,229,480
271,37,0.07911591231822968,1.2413785457611084,0.23475070297718048,-0.07769429683685303,3.6466599192487545,10.687275735792909,308,494
272,0,0.0,1.254591941833496,0.16848400235176086,0.0,0.0,7.648709735373471,280,516
272,1,-0.06592992693185806,1.0514795780181885,0.053041551262140274,0.038847148418426514,-3.5878659017464094,2.88216887521408,138,548
272,2,-0.26371970772743225,0.9109306335449219,-0.46198123693466187,0.07769429683685303,-16.146036957185956,-25.97297779650177,123,525
272,3,-0.03955795615911484,1.2639811038970947,0.05634606257081032,0.11654144525527954,-1.7925619150782748,2.5512081326878926,198,472
272,4,0.13185985386371613,0.9366152286529541,0.4670484960079193,0.15538859367370605,8.013626978545737,26.279527467196186,151,475
272,5,-0.26371970772743225,0.9205403923988342,-0.4425230324268341,0.19423574209213257,-15.986138392233265,-24.80310618487163,131,483
272,6,0.13185985386371613,0.8812570571899414,0.5645957589149475,0.19423574209213257,8.50986368979359,32.359057563214016,131,483
272,7,-0.09889489412307739,1.045668125152588,0.09781266003847122,0.23308289051055908,-5.40272377352415,5.3203404484538295,132,470
272,8,-0.13185985386371613,1.004548192024231,0.2937094271183014,0.2719300389289856,-7.478053828263048,16.16649729617487,162,430
272,9,-0.09889489412307739,0.6116074919700623,-0.1294335126876831,0.3107771873474121,-9.185037221891946,-11.800220125412554,128,431
272,10,-0.09889489412307739,0.6203952431678772,-0.07698411494493484,0.3496243357658386,-9.057104991648359,-6.986289942356108,180,428
272,11,-0.11867386847734451,0.6199598908424377,-0.04651100933551788,0.38847148418426514,-10.836574037926628,-4.214210126717977,148,420
272,12,-0.23734773695468903,1.2430754899978638,-0.028587576001882553,0.46616578102111816,-10.809712956460244,-1.294055979678566,94,413
272,13,-0.11867386847734451,1.2577937841415405,0.07911591231822968,0.46616578102111816,-5.389947376245126,3.5833215266937097,94,413
272,14,-0.23734773695468903,1.2430754899978638,-0.028587576001882553,0.5050129294395447,-10.809712956460244,-1.294055979678566,83,417
272,15,-0.07911591231822968,1.261976957321167,-0.05952158570289612,0.5050129294395447,-3.587294625805511,-2.6950911003714153,83,417
272,16,0.0,1.4768303632736206,0.0,-0.46616578102111816,0.0,0.0,70,406
272,17,0.0,1.2256584167480469,-0.3164636492729187,-0.42731863260269165,0.0,-14.477512503083895,94,405
272,18,0.0,1.2591983079910278,0.1296442449092865,-0.38847148418426514,0.0,5.878333162505145,86,409
272,19,-0.11867386847734451,1.2377279996871948,-0.23734773695468903,-0.3496243357658386,-5.476800960936588,-10.806922288183708,83,420
272,20,0.0,1.2648265361785889,-0.051008276641368866,-0.3107771873474121,0.0,-2.309388717276859,119,441
272,21,0.0,1.2651729583740234,0.041535086929798126,-0.2719300389289856,0.0,1.8803205996025856,108,427
272,22,-0.03955795615911484,1.2651739120483398,-0.012571888975799084,-0.23308289051055908,-1.7908729856569945,-0.569044826960917,192,435
272,23,0.0,1.2655757665634155,0.0265702735632658,-0.19423574209213257,0.0,1.2027260350446904,206,442
272,24,0.0,2.308530330657959,0.23768113553524017,-0.19423574209213257,0.0,5.878333399259111,75,414
272,25,0.0,1.2636654376983643,0.07441562414169312,-0.15538859367370605,0.0,3.3701821961947207,223,462
272,26,-0.07911591231822968,1.2632899284362793,0.015069697983562946,-0.11654144525527954,-3.5835759750362666,0.6821087433232773,247,510
272,27,-0.07911591231822968,1.2630356550216675,0.029488084837794304,-0.07769429683685303,-3.5842955373610206,1.334825986614415,279,528
272,28,0.0,1.255550742149353,0.16118404269218445,-0.038847148418426514,0.0,7.315456824276572,293,548
273,0,0.13185985386371613,1.0018044710159302,0.30293595790863037,0.0,7.498301828319599,16.688966315115564,199,518
273,1,-0.07911591231822968,1.2584004402160645,-0.11205823719501495,0.038847148418426514,-3.5974633881568447,-5.078686788384228,214,512
273,2,-0.07911591231822968,1.2601853609085083,-0.08978618681430817,0.07769429683685303,-3.592381310583417,-4.067364946476437,232,466
273,3,-0.13185985386371613,1.0378354787826538,-0.13520272076129913,0.11654144525527954,-7.240791537571203,-7.36379644132918,141,442
273,4,-0.06592992693185806,1.0384026765823364,-0.17361557483673096,0.11654144525527954,-3.6329286658934716,-9.47303632250589,141,442
273,5,-0.07911591231822968,0.8242005109786987,-0.16311533749103546,0.15538859367370605,-5.483085081414322,-11.14466126744337,174,431
273,6,-0.13185985386371613,1.0372389554977417,-0.13970546424388885,0.19423574209213257,-7.244911533139387,-7.610466336319203,105,428
273,7,-0.13185985386371613,0.8335378170013428,0.00028098441543988883,0.23308289051055908,-8.989299795944188,0.019077097823738867,90,408
273,8,0.0,1.0213819742202759,-0.26371970772743225,-0.3107771873474121,0.0,-14.477513042655318,86,414
273,9,0.0,1.2620000839233398,-0.09871024638414383,-0.23308289051055908,0.0,-4.472415673034881,74,414
273,10,0.07911591231822968,1.2633213996887207,-0.012150412425398827,-0.19423574209213257,3.583486935348293,-0.549966822039851,111,411
273,11,0.09889489412307739,1.0166802406311035,0.2633450925350189,-0.15538859367370605,5.555817242640662,14.456497322742603,198,442
273,12,0.09889489412307739,0.9964497685432434,0.3317786455154419,-0.11654144525527954,5.667887300506674,18.331733021580366,252,458
273,13,0.03296496346592903,1.0373127460479736,0.18885159492492676,-0.07769429683685303,1.8202011347236668,10.313079556041371,244,502
273,14,0.03296496346592903,1.0239895582199097,0.2512528896331787,-0.038847148418426514,1.8438676346409215,13.779250993340305,221,545
274,0,0.0,1.0534788370132446,0.05433029681444168,0.0,0.0,2.952257992835079,225,547
274,1,0.06592992693185806,1.0526466369628906,-0.01891361176967621,0.038847148418426514,3.583898443611629,-1.027348481262708,187,518
274,2,0.0,1.054817795753479,-0.011350498534739017,0.07769429683685303,0.0,-0.6165145919032807,160,444
274,3,0.0,1.0527944564819336,-0.06628115475177765,0.11654144525527954,0.0,-3.602436204648174,131,394
274,4,-0.09889489412307739,1.031440019607544,-0.19778978824615479,-0.15538859367370605,-5.476801061132866,-10.80692248064857,106,411
274,5,-0.23075474798679352,1.0101488828659058,-0.19778978824615479,-0.15538859367370605,-12.867647502272971,-10.806923438235794,106,411
274,6,0.11867386847734451,1.2427271604537964,0.20960311591625214,-0.11654144525527954,5.454902405288397,9.531063481191138,178,453
274,7,0.0,1.0493296384811401,0.10805889964103699,-0.07769429683685303,0.0,5.8795360803794745,211,555
274,8,0.03296496346592903,1.0533115863800049,0.04708920419216156,-0.038847148418426514,1.7925721197645823,2.558501883173039,222,602
275,0,0.06592992693185806,1.0396971702575684,0.1656874567270279,0.0,3.628417513859063,9.036739617142212,247,490
275,1,0.03296496346592903,1.041874647140503,0.16180208325386047,0.038847148418426514,1.8122366176460962,8.823115592655283,230,486
275,2,0.03296496346592903,1.0438978672027588,0.14818845689296722,0.07769429683685303,1.8087265849345435,8.075572494567046,180,427
275,3,0.0,1.0213819742202759,0.26371970772743225,0.11654144525527954,0.0,14.477513042655318,130,401
275,4,0.0,1.0527944564819336,0.06628115475177765,0.15538859367370605,0.0,3.602436204648174,86,406
275,5,0.06592992693185806,1.0251206159591675,0.2398967295885086,0.15538859367370605,3.6798704967782325,13.145010316054522,86,406
275,6,0.03296496346592903,1.0381032228469849,0.1844564527273178,-0.15538859367370605,1.8188160508941078,10.07053066514002,110,413
275,7,0.0,1.052494764328003,0.07088057696819305,-0.11654144525527954,0.0,3.8527839385268354,187,417
275,8,0.06592992693185806,1.0398192405700684,0.1649196892976761,-0.07769429683685303,3.627992690967676,8.994516590736904,242,483
275,9,0.03296496346592903,1.0397928953170776,0.1746804118156433,-0.038847148418426514,1.8158624393807408,9.531677792488749,265,532
276,0,0.03296496346592903,1.0144013166427612,0.2875285744667053,0.0,1.861283888555112,15.817268057611457,238,474
276,1,-0.07911591231822968,0.623590886592865,-0.07397341728210449,0.038847148418426514,-7.230571401977503,-6.7117874168539435,103,517
276,2,0.03955795615911484,1.0850213766098022,0.6508083939552307,0.038847148418426514,2.0879777776840944,30.939034986789714,162,495
276,3,-0.1054878830909729,0.8150149583816528,-0.19182096421718597,0.07769429683685303,-7.374828328684008,-13.138288966493471,128,444
276,4,0.0,1.0213819742202759,0.26371970772743225,-0.15538859367370605,0.0,14.477513042655318,80,412
276,5,0.06592992693185806,0.9756738543510437,0.39557957649230957,-0.15538859367370605,3.865812962440674,22.02431291499231,80,412
276,6,0.03296496346592903,0.9788301587104797,0.3918854594230652,-0.11654144525527954,1.928873638822388,21.808037083164628,140,417
276,7,0.03296496346592903,1.002793788909912,0.32571038603782654,-0.07769429683685303,1.8828131832544934,17.984860941337473,233,457
276,8,0.03296496346592903,0.9980775117874146,0.33988815546035767,-0.038847148418426514,1.8917037072685905,18.79637921492374,239,520
277,0,0.13185985386371613,0.7286493182182312,0.4047906994819641,0.0,10.257507002027845,28.663520489622993,183,428
277,1,0.06592992693185806,1.0467438697814941,-0.11291574686765671,0.038847148418426514,3.6040555379282653,-6.14479504582934,154,477
277,2,0.15823182463645935,1.2546241283416748,0.057175152003765106,0.07769429683685303,7.188130041261977,2.5887725423504264,133,401
277,3,0.1054878830909729,0.7092888355255127,0.44492021203041077,-0.07769429683685303,8.459220822987493,31.817625522566384,160,439
277,4,0.059336934238672256,0.6006734371185303,0.19044038653373718,-0.038847148418426514,5.641603912205023,17.510960660311287,147,509
277,5,0.15823182463645935,1.199990153312683,-0.37064042687416077,-0.038847148418426514,7.511738857304657,-17.025576590504446,142,508
278,0,-0.03955795615911484,1.2491978406906128,0.2008177936077118,0.0,-1.8137613734976912,9.12808590297856,153,398
278,1,-0.13185985386371613,1.0463389158248901,-0.023607388138771057,0.038847148418426514,-7.182563764456814,-1.2823430816368129,125,460
278,2,-0.13185985386371613,1.0455200672149658,0.04764596000313759,0.07769429683685303,-7.188130311599164,2.588772639068052,88,414
278,3,0.03296496346592903,1.0209405422210693,0.26336848735809326,-0.07769429683685303,1.8493704856759172,14.45781162256135,112,416
278,4,0.03296496346592903,0.980300784111023,0.38819193840026855,-0.038847148418426514,1.925982166486011,21.592122635561914,156,454
279,0,0.05274394154548645,0.8336037993431091,0.12039604783058167,0.0,3.620403571523318,8.202129885539646,201,429
279,1,0.07911591231822968,0.8322962522506714,0.11487375944852829,0.038847148418426514,5.4300714773086405,7.823503917164518,202,498
279,2,0.05274394154548645,0.834421694278717,0.11459025740623474,0.07769429683685303,3.616864299140934,7.8040751966779425,179,441
279,3,0.05274394154548645,0.8299205899238586,0.14360465109348297,0.11654144525527954,3.636427999474558,9.79754244679882,108,397
279,4,0.05274394154548645,0.8388387560844421,0.07576283812522888,-0.07769429683685303,3.5978691843041526,5.150761319432041,132,413
279,5,0.07911591231822968,0.8364605903625488,0.07903620600700378,-0.038847148418426514,5.403198131365635,5.373943571488679,191,464
279,6,0.05274394154548645,1.6255217790603638,0.45120587944984436,-0.038847148418426514,1.8584465624671382,15.505611759414665,86,433
280,0,0.05274394154548645,0.8360597491264343,0.10195358097553253,0.0,3.609796692701479,6.938965360405559,216,389
280,1,0.03296496346592903,1.040940284729004,0.16770778596401215,0.038847148418426514,1.8138622201620054,9.147870355218462,216,446
280,2,0.026371970772743225,0.8353594541549683,0.11683982610702515,0.07769429683685303,1.8082047693241043,7.958263197959062,184,400
280,3,0.07911591231822968,0.8365533351898193,0.0780482366681099,-0.07769429683685303,5.4026026482038025,5.306574284681722,108,414
280,4,0.0,1.2402398586273193,0.2533634305000305,-0.07769429683685303,0.0,11.545852134926973,113,408
280,5,0.07911591231822968,0.8266910314559937,0.149983212351799,-0.038847148418426514,5.466666749659142,10.237312937406353,185,425
280,6,0.0,1.2492797374725342,0.20417650043964386,-0.038847148418426514,0.0,9.282092679368631,202,411
281,0,0.05274394154548645,0.8348783850669861,0.111213818192482,0.0,3.61489106859656,7.572756607593712,238,427
281,1,0.07911591231822968,0.8245247602462769,0.16146808862686157,0.038847148418426514,5.480941958581896,11.030696571339693,167,459
281,2,0.05274394154548645,0.814547061920166,0.21425101161003113,0.07769429683685303,3.704871510931601,14.707293828734997,121,403
281,3,0.23734773695468903,1.119425654411316,0.5412395000457764,0.07769429683685303,11.970931253643615,25.313346516459617,124,404
281,4,-0.23734773695468903,1.1686652898788452,-0.4245886206626892,0.07769429683685303,-11.480230412630766,-19.597871094740448,124,404
281,5,0.07911591231822968,0.8365533351898193,0.0780482366681099,-0.11654144525527954,5.4026026482038025,5.306574284681722,123,397
281,6,0.05274394154548645,0.8333831429481506,0.12191366404294968,-0.07769429683685303,3.621359601932617,8.306245734264817,227,422
281,7,0.07911591231822968,0.8311244249343872,0.12306629866361618,-0.038847148418426514,5.4376816410114435,8.385339349095716,247,474
282,0,0.03296496346592903,1.0489779710769653,0.10643274337053299,0.0,1.7999728645847433,5.7907513439029215,182,383
282,1,0.03296496346592903,1.0523003339767456,0.06592992693185806,0.038847148418426514,1.794293642052232,3.583321558972172,184,423
282,2,0.06592992693185806,2.071291208267212,-0.39557957649230957,0.038847148418426514,1.8231292477441545,-10.806923502593822,69,404
282,3,0.0,1.054878830909729,0.0,0.07769429683685303,0.0,0.0,120,399
282,4,0.16482481360435486,1.0013587474822998,0.2878939211368561,-0.038847148418426514,9.347137609138283,15.837893360134457,112,440
282,5,0.0,2.109757661819458,0.0,-0.038847148418426514,0.0,0.0,68,412
283,0,0.0,1.265825629234314,0.00857177097350359,0.0,0.0,0.3879829750475565,173,376
283,1,-0.03955795615911484,1.264734148979187,-0.03564627841114998,0.038847148418426514,-1.7914952877292107,-1.613653951802801,179,429
283,2,0.0,1.2658545970916748,0.0,0.07769429683685303,0.0,0.0,134,399
283,3,0.06592992693185806,1.051647424697876,-0.049601320177316666,-0.07769429683685303,3.5872947609972554,-2.69509113428521,99,401
284,0,0.0,1.0545936822891235,0.024525443091988564,0.0,0.0,1.3322203234690246,147,388
284,1,0.0,1.2658389806747437,-0.006295331753790379,0.038847148418426514,0.0,-0.28494379804077846,175,432
284,2,0.0,1.2653720378875732,0.03494982793927193,0.07769429683685303,0.0,1.5821186159296228,116,415
284,3,0.05274394154548645,0.835621178150177,0.1054878830909729,-0.07769429683685303,3.611686260297547,7.1807558526846025,111,410
284,4,0.05274394154548645,0.8354281783103943,0.1070055142045021,-0.038847148418426514,3.6125184194372304,7.284620175263116,160,444
285,0,0.07911591231822968,0.8153946995735168,0.20259450376033783,0.0,5.541932677376109,13.890580660611581,136,385
285,1,0.07911591231822968,0.7979104518890381,0.26315775513648987,0.038847148418426514,5.662589673005848,18.169796379922442,100,420
285,2,0.13185985386371613,0.7542272210121155,0.35486140847206116,0.038847148418426514,9.916669732385385,24.866172105143455,100,420
285,3,0.046150948852300644,1.4751747846603394,-0.052510544657707214,0.038847148418426514,1.7919181058696263,-2.037652378140175,114,417
285,4,-0.09230189770460129,1.473565697669983,-0.03335217013955116,0.038847148418426514,-3.5842370690797036,-1.2940559262031157,114,417
285,5,0.0,1.2658545970916748,0.0,0.07769429683685303,0.0,0.0,67,412
285,6,0.07911591231822968,1.253431797027588,-0.15823182463645935,-0.07769429683685303,3.6116861746512954,-7.180755684403435,79,399
285,7,0.03955795615911484,1.2523422241210938,-0.18017257750034332,-0.038847148418426514,1.8092104080665807,-8.182855092777936,110,411
286,0,0.059336934238672256,0.607323944568634,0.16802898049354553,0.0,5.5802175267919445,15.395423612525402,113,375
286,1,0.03955795615911484,0.6094252467155457,0.16623181104660034,0.038847148418426514,3.7138743196935367,15.22674787577254,143,446
286,2,0.05274394154548645,0.7999940514564514,0.26343873143196106,0.07769429683685303,3.772075459726703,18.189875883486586,95,411
286,3,0.026371970772743225,0.8404292464256287,-0.07180232554674149,-0.07769429683685303,1.797304158923953,-4.880833255520318,74,401
286,4,0.059336934238672256,0.6125814318656921,0.147716224193573,-0.038847148418426514,5.532623671837462,13.496488472389252,123,444
286,5,0.23734773695468903,1.2434020042419434,-0.002346431603655219,-0.038847148418426514,10.806941208620517,-0.10620548323902627,120,420
287,0,0.0,1.0962622165679932,0.6329272985458374,0.0,0.0,30.000000532410255,88,371
287,1,0.07911591231822968,1.2153469324111938,0.34505119919776917,0.0,3.724550458390422,15.818064139078658,88,371
287,2,0.13185985386371613,1.0460455417633057,0.03422198072075844,0.038847148418426514,7.184557140264118,1.8590941700917574,169,416
287,3,0.19778978824615479,1.036054253578186,-0.015499602071940899,0.038847148418426514,10.808103565575143,-0.8418916681824583,169,416
287,4,0.13185985386371613,1.0410140752792358,0.10803687572479248,0.07769429683685303,7.218916340219983,5.87833385316893,99,404
287,5,0.05274394154548645,0.842037558555603,-0.019058384001255035,-0.07769429683685303,3.584236996778804,-1.2940559723880567,86,402
287,6,0.15823182463645935,0.8287169933319092,-0.019058384001255035,-0.07769429683685303,10.809712956460244,-1.294055979678566,86,402
287,7,0.05274394154548645,0.842037558555603,0.019058384001255035,-0.038847148418426514,3.584236996778804,1.2940559723880567,178,399
288,0,0.07911591231822968,1.230144739151001,0.28787606954574585,0.0,3.6798704967782325,13.145010053337872,123,388
288,1,0.026371970772743225,0.8281954526901245,0.15990380942821503,0.038847148418426514,1.8238354640076164,10.92251197115689,175,436
288,2,0.0,0.8346619606018066,0.12454626709222794,0.07769429683685303,0.0,8.486919658406755,95,424
288,3,0.0,0.8422355651855469,0.05302492529153824,-0.07769429683685303,0.0,3.6024363056179034,104,415
288,4,0.05274394154548645,0.835621178150177,0.1054878830909729,-0.038847148418426514,3.611686260297547,7.1807558526846025,180,430
289,0,0.15823182463645935,1.2459784746170044,0.15776057541370392,0.0,7.23748028794853,7.15925728085786,177,504
289,1,0.15823182463645935,1.24799644947052,0.14090988039970398,0.038847148418426514,7.225901282138642,6.391182858039651,205,540
289,2,0.15823182463645935,1.2429641485214233,0.17997467517852783,0.07769429683685303,7.254845201825204,8.173805416551271,209,478
289,3,0.19778978824615479,1.2436110973358154,0.12922276556491852,0.11654144525527954,9.036902109007936,5.859155654960036,103,409
289,4,0.27690568566322327,1.2219856977462769,0.18017257750034332,0.11654144525527954,12.767775661955586,8.182855282924494,103,409
289,5,-0.06592992693185806,1.0520356893539429,-0.04054037854075432,-0.07769429683685303,-3.5859742880185697,-2.2024944133697173,176,435
289,6,-0.03296496346592903,1.0489779710769653,-0.10643274337053299,-0.038847148418426514,-1.7999728645847433,-5.7907513439029215,186,496
290,0,-0.03955795615911484,1.2465354204177856,0.2167317271232605,0.0,-1.8176327109386294,9.858396701579567,273,495
290,1,-0.03955795615911484,1.245701551437378,0.22147352993488312,0.038847148418426514,-1.8188486119822698,10.076312904156872,273,550
290,2,0.14504584670066833,2.287057876586914,-0.36623936891555786,0.038847148418426514,3.6288542423886248,-9.079914555933417,80,520
290,3,-0.03955795615911484,1.2276846170425415,0.3059633672237396,0.07769429683685303,-1.8455228716496561,13.98719156086561,211,569
290,4,0.03955795615911484,1.2437443733215332,0.2322133481502533,0.11654144525527954,1.8217088572570668,10.570423669678526,214,505
290,5,0.03955795615911484,1.2528455257415771,0.17663806676864624,0.15538859367370605,1.8084840825039181,8.021261943103509,161,492
290,6,-0.03955795615911484,1.263087272644043,0.07371272146701813,0.19423574209213257,-1.7938296037416088,3.3383126233069578,175,461
290,7,-0.23734773695468903,2.4754559993743896,-0.47469547390937805,0.19423574209213257,-5.476800960936588,-10.806922288183708,85,418
290,8,-0.07911591231822968,1.2594974040985107,-0.09896894544363022,0.23308289051055908,-3.5943383817227548,-4.484160952117882,166,416
290,9,0.0,1.2565354108810425,-0.15331897139549255,0.2719300389289856,0.0,-6.956684197326705,85,421
290,10,0.03955795615911484,1.264227032661438,-0.05052833631634712,0.3107771873474121,1.7922134373166982,-2.2876479680286574,118,415
290,11,-0.11867386847734451,1.2600884437561035,0.02194076031446457,0.3107771873474121,-5.380189765476601,0.9931440454950548,118,415
290,12,-0.03955795615911484,1.264193058013916,-0.051371291279792786,0.3496243357658386,-1.792261570873183,-2.325833187435135,131,411
290,13,0.0,1.263778567314148,0.07246909290552139,0.38847148418426514,0.0,3.281928593304178,124,408
290,14,-0.07911591231822968,1.2623519897460938,0.050949811935424805,0.42731863260269165,-3.5862316574304227,2.3067404913376603,99,417
290,15,-0.1054878830909729,0.8342238068580627,-0.0715213418006897,-0.42731863260269165,-7.206821561210819,-4.8616871065615195,127,412
290,16,-0.13185985386371613,0.8307708501815796,-0.0678616315126419,-0.38847148418426514,-9.018748270023563,-4.612363429828275,199,400
290,17,-0.13185985386371613,0.8310327529907227,-0.06457527726888657,-0.3496243357658386,-9.015952675746217,-4.388550171241083,245,404
290,18,-0.13185985386371613,0.8314289450645447,-0.059255924075841904,-0.3107771873474121,-9.011726920658523,-4.026422683412202,255,416
290,19,-0.13185985386371613,0.8330218195915222,-0.029325278475880623,-0.2719300389289856,-8.994777013868264,-1.9914053436341843,213,444
290,20,-0.1054878830909729,0.8303247690200806,-0.10772842913866043,-0.23308289051055908,-7.240305045404973,-7.334103810009393,178,481
290,21,-0.09889489412307739,1.0438590049743652,-0.11553124338388443,-0.19423574209213257,-5.412031727345534,-6.287696525780359,159,511
290,22,-0.06592992693185806,2.092082977294922,-0.26442214846611023,-0.19423574209213257,-1.8050224702819353,-7.199983856740365,101,475
290,23,-0.06592992693185806,1.0511873960494995,-0.05854729190468788,-0.15538859367370605,-3.5888605581358517,-3.181632842185919,138,528
290,24,-0.06592992693185806,2.101933717727661,-0.16913025081157684,-0.15538859367370605,-1.796568765093392,-4.598091757183412,117,467
290,25,-0.07911591231822968,1.2633798122406006,0.0003317781665828079,-0.07769429683685303,-3.5833216840028648,0.015017118246866143,153,553
290,26,-0.06592992693185806,1.0527845621109009,-0.008198868483304977,-0.038847148418426514,-3.58343014112838,-0.4453263116292941,208,533
291,0,0.07911591231822968,1.2595267295837402,0.09859513491392136,0.0,3.5942549143401137,4.467189561218166,251,536
291,1,0.07911591231822968,1.254440426826477,0.1500258594751358,0.038847148418426514,3.6087898843831425,6.806548141914736,264,579
291,2,0.03955795615911484,1.2530632019042969,0.17508751153945923,0.07769429683685303,1.8081701298421131,7.950392362171339,284,550
291,3,0.06592992693185806,1.0346686840057373,0.19463637471199036,0.11654144525527954,3.646004158761821,10.632603304334515,206,546
291,4,0.0,1.26497483253479,0.04718709737062454,0.19423574209213257,0.0,2.13630222346529,93,499
291,5,-0.03955795615911484,1.256410837173462,0.14918038249015808,0.23308289051055908,-1.8033555487038353,6.768009756720276,175,457
291,6,0.23734773695468903,2.463804244995117,-0.5318706035614014,0.23308289051055908,5.502543100966237,-12.127251789397862,67,417
291,7,0.0,1.2658545970916748,0.0,0.2719300389289856,0.0,0.0,130,459
291,8,-0.03955795615911484,1.2652064561843872,0.00870687048882246,0.3107771873474121,-1.7908269501168648,0.3940980604652453,171,444
291,9,0.07911591231822968,2.515235662460327,-0.2772749960422516,0.3107771873474121,1.8016259260705199,-6.287696760179226,107,407
291,10,-0.03955795615911484,1.264581561088562,0.04070262610912323,0.3496243357658386,-1.7917113135908025,1.842621259704549,182,435
291,11,-0.23734773695468903,2.5113377571105957,-0.21540698409080505,0.3496243357658386,-5.399014661775043,-4.880833390427657,82,403
291,12,0.0,1.2641043663024902,0.06654402613639832,0.38847148418426514,0.0,3.013339732956509,141,434
291,13,-0.29009169340133667,2.290231227874756,-0.23768113553524017,0.38847148418426514,-7.218915889186229,-5.878333410132423,73,410
291,14,-0.03955795615911484,1.2652188539505005,-0.006646816618740559,0.42731863260269165,-1.79080941339058,-0.3008531175347366,191,438
291,15,-0.07911591231822968,2.5255208015441895,-0.15823182463645935,0.42731863260269165,-1.794293642052232,-3.583321558972172,85,408
291,16,-0.03955795615911484,1.2650927305221558,0.01906450092792511,0.46616578102111816,-1.7909878318778951,0.8629401262799469,215,427
291,17,-0.03955795615911484,1.2650903463363647,0.019219504669308662,0.5050129294395447,-1.7909912049703964,0.8699568163961575,213,432
291,18,-0.03955795615911484,1.2652361392974854,-0.0007532548042945564,0.5438600778579712,-1.7907849637202586,-0.03409421865884745,230,432
291,19,-0.03955795615911484,1.2652257680892944,-0.005174469202756882,0.5827072262763977,-1.7907996334423633,-0.2342102119177146,226,416
291,20,-0.07911591231822968,1.2616326808929443,-0.06642046570777893,0.6215543746948242,-3.5882709754759063,-3.007739279853806,163,410
291,21,0.0,1.2648625373840332,-0.05010686069726944,0.6604015231132507,0.0,-2.2685558261062915,110,409
291,22,-0.07911591231822968,1.2631964683532715,-0.021519284695386887,0.6604015231132507,-3.5838404219771256,-0.9740641950199362,110,409
291,23,0.0,1.2565354108810425,-0.15331897139549255,0.6992486715316772,0.0,-6.956684197326705,109,409
291,24,0.0,1.2591983079910278,-0.1296442449092865,0.7380958199501038,0.0,-5.878333162505145,88,406
291,25,0.0,1.2658545970916748,0.0,0.7769429683685303,0.0,0.0,112,407
291,26,0.0,1.2620000839233398,0.09871024638414383,0.8157901167869568,0.0,4.472415673034881,89,410
291,27,-0.09889489412307739,0.6220861077308655,-0.06185173988342285,-1.0100258588790894,-9.032893703911071,-5.608082594810532,108,420
291,28,-0.07911591231822968,0.6237007975578308,-0.07304070889949799,-0.9711787104606628,-7.229310684585211,-6.626778934429165,208,398
291,29,-0.07911591231822968,0.6230019927024841,-0.07877909392118454,-0.9323315620422363,-7.237333678380402,-7.150025368327366,240,414
291,30,-0.09889489412307739,0.618993878364563,-0.08754070103168488,-0.8934844136238098,-9.077268718797303,-7.950112831255184,254,411
291,31,-0.07911591231822968,0.6162168383598328,-0.12089032679796219,-0.8546372652053833,-7.316165058440936,-11.011260306506111,197,398
291,32,-0.13185985386371613,0.831206738948822,-0.062295664101839066,-0.8157901167869568,-9.014096470591976,-4.233339452433586,211,404
291,33,-0.11867386847734451,0.6186789870262146,-0.061235856264829636,-0.7769429683685303,-10.85847708588974,-5.552063939318977,213,404
291,34,-0.19778978824615479,0.5991019010543823,-0.05052833631634712,-0.7380958199501038,-18.27032051681471,-4.578952934247959,86,426
291,35,0.059336934238672256,0.6124077439308167,-0.14843465387821198,-0.7380958199501038,5.5341830661033455,-13.563380809911282,86,426
291,36,-0.13845284283161163,1.4614026546478271,-0.16174374520778656,-0.7380958199501038,-5.412031204395407,-6.287696500047844,78,416
291,37,0.0,0.8413333892822266,-0.06580682843923569,-0.6992486715316772,0.0,-4.472415504932264,85,416
291,38,-0.18460379540920258,0.8081191778182983,-0.15823182463645935,-0.6604015231132507,-12.867646200465705,-10.806922161522598,103,403
291,39,-0.15823182463645935,0.8279858231544495,0.03968105837702751,-0.6215543746948242,-10.819033499426915,2.695091220461413,196,411
291,40,-0.15823182463645935,0.8288407921791077,-0.012573784217238426,-0.5827072262763977,-10.808136409531853,-0.8537134338536377,232,425
291,41,-0.15823182463645935,0.828239917755127,-0.0339665412902832,-0.5438600778579712,-10.815792645449257,-2.3067403921654304,185,427
291,42,-0.09889489412307739,1.0417181253433228,0.13346397876739502,-0.5050129294395447,-5.423087983096372,7.268580718850976,162,431
291,43,-0.11867386847734451,1.2594536542892456,0.045615483075380325,-0.46616578102111816,-5.38288556274016,2.0651192625236603,110,438
291,44,0.13185985386371613,0.6851639151573181,0.47469547390937805,-0.42731863260269165,10.893394412573064,34.22886576518023,90,467
291,45,0.19778978824615479,1.057246446609497,0.6674556136131287,-0.38847148418426514,10.596413010272,31.821635500099855,92,466
291,46,-0.3164636492729187,1.0495911836624146,-0.6329272985458374,-0.38847148418426514,-16.778654911636753,-30.000000050801344,92,466
291,47,-0.23075474798679352,0.9200709462165833,-0.46150949597358704,-0.3107771873474121,-14.079431641013068,-25.94448066836911,86,489
291,48,0.15823182463645935,1.2154017686843872,0.3164636492729187,-0.2719300389289856,7.417555427100588,14.477511510134752,86,469
291,49,0.0,1.0183764696121216,0.27509766817092896,-0.23308289051055908,0.0,15.116707735094257,161,427
291,50,0.09889489412307739,0.9809612035751343,0.37510576844215393,-0.23308289051055908,5.756782096623578,20.829689402725776,161,427
291,51,-0.03955795615911484,1.258626103401184,0.12916430830955505,-0.15538859367370605,-1.8001836124524369,5.856495781010205,187,474
291,52,-0.07911591231822968,1.25913667678833,0.10345682501792908,-0.11654144525527954,-3.595365415192583,4.6879463927069365,191,510
291,53,-0.07911591231822968,1.2586932182312012,0.10871980339288712,-0.07769429683685303,-3.596628797837725,4.927003097897557,208,516
291,54,0.0,1.0536484718322754,0.05093418434262276,-0.038847148418426514,0.0,2.767567986247583,231,486
292,0,0.11867386847734451,1.2442978620529175,0.20006811618804932,0.0,5.448058031191108,9.093719909727145,255,523
292,1,0.11867386847734451,1.2424297332763672,0.21135950088500977,0.038847148418426514,5.456200383283496,9.611683553583406,261,566
292,2,0.11867386847734451,1.2413996458053589,0.21732795238494873,0.07769429683685303,5.460700468722044,9.885789027950597,236,537
292,3,0.0,1.0447946786880493,0.14551083743572235,0.11654144525527954,0.0,7.928707198978807,144,512
292,4,0.0,1.2588475942611694,0.13300596177577972,0.15538859367370605,0.0,6.03131881228989,228,464
292,5,0.0,1.2522231340408325,0.18527056276798248,0.19423574209213257,0.0,8.41604530414215,263,446
292,6,0.0,1.253712773323059,0.17490606009960175,0.23308289051055908,0.0,7.942099809309021,248,447
292,7,-0.03296496346592903,1.049628496170044,0.09981409460306168,0.2719300389289856,-1.7988580339844225,5.429528112301241,208,463
292,8,0.0,1.265524983406067,0.028885655105113983,0.3107771873474121,0.0,1.3075512741876931,205,446
292,9,-0.1054878830909729,0.8038671016693115,0.2341843843460083,0.3496243357658386,-7.475951789741581,16.111144689015475,130,455
292,10,-0.07911591231822968,1.22322416305542,0.31599241495132446,0.38847148418426514,-3.7006322314095366,14.455484413693037,158,438
292,11,-0.11867386847734451,0.6067262291908264,0.13563482463359833,0.42731863260269165,-11.067161353192258,12.374323812463492,125,444
292,12,-0.09889489412307739,0.5903112292289734,0.20578977465629578,0.46616578102111816,-9.510449013144866,18.97403691443429,116,458
292,13,0.03955795615911484,1.2651599645614624,0.013906103558838367,0.46616578102111816,1.7908927158984975,0.6294380502287278,135,445
292,14,-0.09889489412307739,0.5880793929100037,0.21208356320858002,0.5050129294395447,-9.545879380200251,19.577621099920215,114,457
292,15,0.07911591231822968,1.2628880739212036,-0.03524703532457352,0.5050129294395447,3.584713306001858,-1.5955761059352567,125,448
292,16,-0.11867386847734451,0.5815234184265137,0.21987281739711761,0.5438600778579712,-11.534206355692373,20.32777664829245,90,452
292,17,-0.07911591231822968,0.5905669331550598,0.2134675234556198,0.5438600778579712,-7.630258527611432,19.710646348966357,90,452
292,18,0.03955795615911484,1.2602145671844482,0.11261634528636932,0.5438600778579712,1.7979160235880198,5.104048260246683,135,437
292,19,-0.13845284283161163,0.5939683318138123,0.16920220851898193,0.5827072262763977,-13.121235406812511,15.50561282509086,69,433
292,20,0.0,1.2552974224090576,0.16314467787742615,0.5827072262763977,0.0,7.404937785840595,101,440
292,21,0.0,1.2556283473968506,0.16057825088500977,0.6215543746948242,0.0,7.287813079192498,81,442
292,22,0.0,1.0542242527008057,0.037156298756599426,0.6604015231132507,0.0,2.018563159980424,102,423
292,23,-0.09889489412307739,0.6250571608543396,-0.010970380157232285,0.6992486715316772,-8.990661065115866,-0.9931439697092875,70,441
292,24,-0.09889489412307739,0.6053726077079773,0.15601536631584167,0.7380958199501038,-9.277999321681794,14.2703827109426,113,437
292,25,-0.11867386847734451,0.6059058904647827,0.13925360143184662,0.7769429683685303,-11.081774574169655,12.709922911744947,125,439
292,26,-0.09889489412307739,0.593853235244751,0.1953333467245102,0.8157901167869568,-9.454751593657901,17.9760202486663,120,439
292,27,-0.11867386847734451,0.5772532224655151,0.23085103929042816,0.8546372652053833,-11.617218757982242,21.391304162308295,116,437
292,28,-0.09889489412307739,0.5757251381874084,0.2436336725950241,0.8934844136238098,-9.746831505550206,22.639488500396542,134,431
292,29,-0.07911591231822968,0.5767208933830261,0.24845655262470245,0.9323315620422363,-7.811211983119463,23.113353588925968,150,428
292,30,0.0,1.4747883081436157,0.07763469219207764,0.9323315620422363,0.0,3.0133397836426274,107,405
292,31,-0.059336934238672256,0.5796511769294739,0.2471448928117752,0.9711787104606628,-5.844816479739484,22.98431504163391,171,418
292,32,-0.09889489412307739,0.5737202167510986,0.2483181208372116,1.0100258588790894,-9.780236075675038,23.099728996249244,157,428
292,33,-0.11867386847734451,0.5755219459533691,0.23513390123844147,1.048872947692871,-11.651211396332066,21.808293903423433,133,428
292,34,0.0,0.8409605622291565,0.0704113319516182,1.0877201557159424,0.0,4.786056204392698,134,420
292,35,-0.05274394154548645,0.835621178150177,0.1054878830909729,1.1265673637390137,-3.611686260297547,7.1807558526846025,139,421
292,36,-0.1054878830909729,0.8071385622024536,0.22264765202999115,1.1654144525527954,-7.44599126926632,15.297493133800316,134,410
292,37,-0.07911591231822968,0.7267097234725952,0.4216705560684204,1.2042615413665771,-6.2132444816227625,29.977974200207786,111,416
292,38,-0.09889489412307739,0.5880793929100037,0.21208356320858002,1.2431087493896484,-9.545879380200251,19.577621099920215,85,431
292,39,-0.3230566382408142,1.200363039970398,-0.7973649501800537,1.2431087493896484,-15.063235163851363,-32.67794916367519,81,405
292,40,-0.07911591231822968,0.8285794258117676,0.13917343318462372,1.2819559574127197,-5.454283026452994,9.492376128043027,76,412
292,41,-0.05274394154548645,0.8413179516792297,-0.03968105837702751,1.3208030462265015,-3.58729471030035,-2.6950912478896996,77,417
292,42,0.0,0.8171056509017944,-0.2109757661819458,1.3596501350402832,0.0,-14.477511828619665,74,410
292,43,-0.15823182463645935,1.2154017686843872,-0.3164636492729187,1.4373445510864258,-7.417555427100588,-14.477511510134752,85,401
292,44,0.0,1.2256584167480469,0.3164636492729187,-1.1654144525527954,0.0,14.477512503083895,73,407
292,45,0.0,1.2658545970916748,0.0,-0.8546372652053833,0.0,0.0,71,412
292,46,-0.15823182463645935,1.2154017686843872,0.3164636492729187,-0.8546372652053833,-7.417555427100588,14.477511510134752,71,412
292,47,-0.13185985386371613,1.02666437625885,0.20332880318164825,-0.8157901167869568,-7.318728656845941,11.113364953941662,110,408
292,48,0.0,1.2591983079910278,0.1296442449092865,-0.7769429683685303,0.0,5.878333162505145,125,420
292,49,0.0,1.2610249519348145,0.11047139018774033,-0.7380958199501038,0.0,5.006583299564078,129,417
292,50,-0.07911591231822968,1.260669469833374,0.08271025866270065,-0.6992486715316772,-3.5910054128503712,3.746344375872716,143,430
292,51,-0.07911591231822968,1.258744478225708,0.10812496393918991,-0.6604015231132507,-3.596482716348959,4.8999797686052755,171,413
292,52,-0.07911591231822968,1.255107045173645,0.1443430483341217,-0.6215543746948242,-3.606878228174499,6.54757282915826,188,410
292,53,-0.03955795615911484,1.261718988418579,0.09427732974290848,-0.5827072262763977,-1.7957736677978762,4.27118515249282,205,406
292,54,-0.07911591231822968,1.2624160051345825,0.04933900386095047,-0.5438600778579712,-3.5860502790851236,2.2337739116280813,195,410
292,55,-0.03955795615911484,1.264201045036316,0.051174409687519073,-0.5050129294395447,-1.792250255032785,2.3169145062929415,234,402
292,56,-0.07911591231822968,1.2631230354309082,0.025472167879343033,-0.46616578102111816,-3.584048229062465,1.1530125053933915,267,403
292,57,-0.07911591231822968,1.2628867626190186,0.03529135137796402,-0.42731863260269165,-3.584717018437018,1.5975828342871026,271,414
292,58,-0.07911591231822968,1.261976957321167,0.05952158570289612,-0.38847148418426514,-3.587294625805511,2.6950911003714153,260,424
292,59,-0.07911591231822968,1.2617515325546265,0.06412196159362793,-0.3496243357658386,-3.5879338584912026,2.9035647148549257,230,425
292,60,0.07911591231822968,1.2566231489181519,0.13048720359802246,-0.3107771873474121,3.602538031381165,5.91669067904603,128,444
292,61,-0.3164636492729187,0.9673649072647095,-0.7526245713233948,-0.3107771873474121,-18.11498530923955,-36.481162939468625,128,444
292,62,-0.07252292335033417,2.3177497386932373,0.09263528138399124,-0.3107771873474121,-1.792213391138677,2.287647745832667,106,401
292,63,0.0,1.2653220891952515,0.03671232610940933,-0.2719300389289856,0.0,1.6619257752398167,182,469
292,64,0.0,1.2653517723083496,0.03567441925406456,-0.23308289051055908,0.0,1.6149282763206212,200,488
292,65,-0.07252292335033417,2.319251298904419,-0.04022472724318504,-0.23308289051055908,-1.7910538087473975,-0.993143966920027,152,423
292,66,0.0,1.265831708908081,-0.007613350637257099,-0.19423574209213257,0.0,-0.34460157469405395,186,496
292,67,-0.14504584670066833,2.3116986751556396,-0.14427313208580017,-0.19423574209213257,-3.590275370566691,-3.564207382851219,132,435
292,68,-0.07911591231822968,1.257140874862671,0.1254010945558548,-0.15538859367370605,-3.601058309729255,5.685295453208412,143,501
292,69,-0.03955795615911484,1.261056900024414,0.10275515913963318,-0.11654144525527954,-1.79671587889766,4.656081128266613,183,525
292,70,-0.07911591231822968,2.3459644317626953,0.9485480189323425,-0.11654144525527954,-1.931525679457426,22.00373548910147,153,427
292,71,0.07911591231822968,1.2594338655471802,0.09977519512176514,-0.07769429683685303,3.5945192410006968,4.520766552547427,141,530
292,72,-0.29009169340133667,2.228236675262451,0.5801833868026733,-0.07769429683685303,-7.417555476862771,14.477511602658046,135,459
292,73,-0.03296496346592903,1.0523613691329956,0.06494664400815964,-0.038847148418426514,-1.7941896441153518,3.529811821228056,175,529
293,0,-0.25712668895721436,2.10325288772583,-1.7414171695709229,0.0,-6.969932858884644,-39.41490730588212,74,456
293,1,0.03955795615911484,1.2539747953414917,0.1684344857931137,0.038847148418426514,1.8068565284655511,7.646448387091815,214,513
293,2,0.07911591231822968,1.25999915599823,0.09236160665750504,0.07769429683685303,3.592910808517228,4.184238066129603,171,504
293,3,0.0,1.04057776927948,0.1731102019548416,0.15538859367370605,0.0,9.445208630266537,147,452
293,4,0.03296496346592903,1.0209405422210693,0.26336848735809326,0.19423574209213257,1.8493704856759172,14.45781162256135,120,441
293,5,0.03955795615911484,1.2652188539505005,0.006646816618740559,0.23308289051055908,1.79080941339058,0.3008531175347366,125,418
293,6,0.0,1.2363135814666748,0.27187609672546387,0.2719300389289856,0.0,12.402428141320593,135,420
293,7,0.11867386847734451,1.2469606399536133,0.1827390044927597,0.2719300389289856,5.4364939443067595,8.300230703507435,135,420
293,8,0.0,1.2256584167480469,0.3164636492729187,0.3107771873474121,0.0,14.477512503083895,131,437
293,9,0.11867386847734451,1.2577937841415405,-0.07911591231822968,0.3496243357658386,5.389947376245126,-3.5833215266937097,116,442
293,10,-0.27690568566322327,1.0093094110488892,0.7120432257652283,0.38847148418426514,-15.341708729227843,34.228867908039625,145,416
293,11,-0.23734773695468903,1.052830457687378,0.6615148782730103,0.42731863260269165,-12.704254325967401,31.50571585543455,143,416
293,12,-0.13185985386371613,0.9252220392227173,0.48923051357269287,0.46616578102111816,-8.11100153868754,27.631221450017357,144,421
293,13,-0.11867386847734451,1.2319021224975586,0.2659353017807007,0.5050129294395447,-5.502543100966237,12.127251789397862,143,420
293,14,-0.23075474798679352,1.458182454109192,0.03852390870451927,0.5438600778579712,-8.99238485591013,1.4947605629530907,101,411
293,15,-0.13185985386371613,1.0085394382476807,0.27969709038734436,0.5827072262763977,-7.448792770301735,15.375639387840463,121,432
293,16,-0.07911591231822968,0.8000266551971436,0.2566523253917694,0.6215543746948242,-5.647708145330637,17.705551250711032,153,439
293,17,-0.07911591231822968,0.7991072535514832,0.2595008611679077,0.6604015231132507,-5.654163956355135,17.908680452895815,180,420
293,18,-0.05274394154548645,0.7907594442367554,0.2899826765060425,0.6992486715316772,-3.8159969182283544,20.097629320863252,182,417
293,19,-0.05274394154548645,0.8001981973648071,0.2628178596496582,0.7380958199501038,-3.7711159081165726,18.145511716533466,215,416
293,20,-0.05274394154548645,0.7949298620223999,0.27834686636924744,0.7769429683685303,-3.7960358495350928,19.25862421882392,230,427
293,21,-0.07911591231822968,0.7900141477584839,0.28599071502685547,0.8157901167869568,-5.718814743586129,19.809290760972026,240,426
293,22,-0.07911591231822968,0.786175549030304,0.29637986421585083,0.8546372652053833,-5.746551128251224,20.56081096917646,209,460
293,23,-0.05274394154548645,0.7899056673049927,0.2923003137111664,0.8934844136238098,-3.8201092682225175,20.265275436792734,208,469
293,24,-0.05274394154548645,0.7916088104248047,0.28765588998794556,0.9323315620422363,-3.8119145763215125,19.929502422741727,212,471
293,25,-0.05274394154548645,0.7901882529258728,0.29153552651405334,0.9711787104606628,-3.8187471708988485,20.209934714166838,228,457
293,26,-0.05274394154548645,0.7887523174285889,0.29539844393730164,1.0100258588790894,-3.8256786317320515,20.489661368927685,243,448
293,27,-0.05274394154548645,0.7844216823577881,0.3067134618759155,1.048872947692871,-3.846736199438713,21.31199673200818,242,449
293,28,-0.05274394154548645,0.780971109867096,0.31539592146873474,1.0877201557159424,-3.8636809075082144,21.946135721826735,246,443
293,29,-0.05274394154548645,0.7814075350761414,0.3143130838871002,1.1265673637390137,-3.8615295271542993,21.866896362348424,251,434
293,30,-0.05274394154548645,0.7784438133239746,0.3215830624103546,1.1654144525527954,-3.876186560871051,22.399751013705448,261,419
293,31,-0.05274394154548645,0.7767735123634338,0.32559695839881897,1.2042615413665771,-3.884496058884625,22.694823805863496,259,413
293,32,-0.026371970772743225,0.7766590118408203,0.3290558457374573,1.2431087493896484,-1.944768914948262,22.949606248385717,241,410
293,33,-0.05274394154548645,0.7694211602210999,0.3426099121570587,1.2819559574127197,-3.9214998416588305,23.952712766471066,211,404
293,34,-0.026371970772743225,0.7693014740943909,0.34590768814086914,1.3208030462265015,-1.9633540414234707,24.197944684130846,185,408
293,35,-0.05274394154548645,0.785170316696167,0.30479174852371216,1.3596501350402832,-3.8430794577195386,21.172014985863804,176,407
293,36,-0.05274394154548645,0.7610484957695007,0.3608263432979584,1.3984973430633545,-3.964505340692753,25.313347864850893,110,411
293,37,0.0,0.7897610068321228,0.29740527272224426,1.4373445510864258,0.0,20.63518442454946,100,405
293,38,0.0,0.7743366956710815,0.33552202582359314,1.4761916399002075,0.0,23.427205471083717,103,401
293,39,0.0,0.7809861898422241,0.31973889470100403,1.5150387287139893,0.0,22.264390576540393,112,404
293,40,-0.07911591231822968,0.816543698310852,0.19791287183761597,1.5538859367370605,-5.5341827984588114,13.563380180156718,82,411
293,41,-0.026371970772743225,0.7583947777748108,0.36920759081840515,1.5538859367370605,-1.9915670314382745,25.944480149220546,82,411
293,42,0.0,0.7716003060340881,0.34176793694496155,1.5927331447601318,0.0,23.89017686650247,120,405
293,43,-0.05274394154548645,0.7678175568580627,0.3461886942386627,1.5927331447601318,-3.929664344406154,24.218863364665786,120,405
293,44,-0.05274394154548645,0.7591631412506104,0.3647764027118683,1.6315802335739136,-3.9743195354888954,25.61038254807043,164,399
293,45,-0.026371970772743225,0.7669806480407715,0.35102370381355286,1.6704273223876953,-1.9692903331452238,24.57932185601366,171,413
293,46,0.0,0.7570118308067322,0.37296852469444275,1.7092745304107666,0.0,26.228785400860048,183,413
293,47,0.0,0.7409870624542236,0.40386947989463806,1.748121738433838,0.0,28.592263807006027,194,408
293,48,-0.026371970772743225,0.7520378828048706,0.3819894790649414,1.7869688272476196,-2.0083878036413565,26.913585067432706,201,402
293,49,-0.026371970772743225,0.7286643385887146,0.42488253116607666,1.8258159160614014,-2.0727560284316153,30.2300492287532,205,400
293,50,0.0,0.7336820363998413,0.4169929027557373,1.8646631240844727,0.0,29.612013164514337,211,409
293,51,0.0,0.7235471606254578,0.4343407154083252,1.903510332107544,0.0,30.976123273998994,208,405
293,52,0.0,0.7141392230987549,0.4496415853500366,1.9423574209213257,0.0,32.19564036788223,191,408
293,53,0.0,0.7133293747901917,0.45092520117759705,1.9812045097351074,0.0,32.2986852657901,186,411
293,54,0.0,0.7204581499099731,0.4394456148147583,2.0200517177581787,0.0,31.381228722134175,178,400
293,55,0.0,0.6782571077346802,0.5021350979804993,2.05889892578125,0.0,36.51371190712421,169,405
293,56,0.0,0.6785422563552856,0.5017496943473816,2.097745895385742,0.0,36.481162111118415,155,406
293,57,0.0,0.9135518670082092,0.5274394154548645,2.1754403114318848,0.0,29.999999992838863,95,399
293,58,0.46150949597358704,0.6819844841957092,-0.6592992544174194,2.1754403114318848,34.08682263469437,-38.68218624380834,95,399
293,59,0.05274394154548645,0.7639785408973694,-0.35458043217658997,-2.214287519454956,3.949348697645783,-24.845146679524657,90,419
293,60,0.026371970772743225,0.7680920958518982,-0.348584920167923,-2.1754403114318848,1.9664429613199423,-24.39737750024132,120,403
293,61,0.07911591231822968,0.7637463808059692,-0.3501492142677307,-2.1365931034088135,5.914132522185782,-24.514052279732276,123,402
293,62,0.13185985386371613,0.9783554673194885,-0.37175658345222473,-2.097745895385742,7.675901386987957,-20.635182915109276,91,394
293,63,0.026371970772743225,0.7583947777748108,-0.36920759081840515,-2.05889892578125,1.9915670314382745,-25.944480149220546,117,393
293,64,0.1054878830909729,0.7808775305747986,-0.3021174669265747,-2.0200517177581787,7.693449889569562,-20.977432360244578,118,408
293,65,0.07911591231822968,0.8147982358932495,-0.20498026907444,-1.9812045097351074,5.545964301713781,-14.057499020104745,97,407
293,66,0.05274394154548645,0.7568808794021606,-0.36948856711387634,-1.8646631240844727,3.986264928823769,-25.965696151898754,100,397
293,67,0.07911591231822968,0.7977249026298523,-0.26371970772743225,-1.8258159160614014,5.663898217520632,-18.209956230769993,107,401
293,68,0.026371970772743225,0.7870355248451233,-0.30340078473091125,-1.7869688272476196,1.9191477985433303,-21.07077466087189,117,396
293,69,0.026371970772743225,0.7946782112121582,-0.2827780842781067,-1.748121738433838,1.9007043155822136,-19.57762220820855,102,405
293,70,0.05274394154548645,0.8102313280105591,-0.23003414273262024,-1.7092745304107666,3.724550276240281,-15.818064054164033,87,409
293,71,0.026371970772743225,0.8072284460067749,-0.2446613311767578,-1.6704273223876953,1.8711746401295806,-16.85295022522283,68,401
293,72,0.07911591231822968,0.8212680816650391,-0.17729021608829498,-1.5927331447601318,5.502543100966237,-12.12725277851659,109,397
293,73,0.07911591231822968,0.8385291695594788,-0.05274394154548645,-1.5538859367370605,5.389947503203089,-3.5833216106289605,111,400
293,74,0.13185985386371613,0.8304395079612732,-0.07180232554674149,-1.5538859367370605,9.02228753665031,-4.880833261174612,111,400
293,75,0.07911591231822968,0.8212680816650391,-0.17729021608829498,-1.5150387287139893,5.502543100966237,-12.12725277851659,92,414
293,76,0.026371970772743225,0.7583947777748108,-0.36920759081840515,-1.4761916399002075,1.9915670314382745,-25.944480149220546,72,412
293,77,0.0,0.7897610068321228,-0.29740527272224426,-1.3984973430633545,0.0,-20.63518442454946,78,394
293,78,-0.23734773695468903,0.6561270356178284,-0.47469547390937805,-1.3984973430633545,-19.88711048769065,-34.228865124472534,78,394
293,79,0.05274394154548645,0.8272026181221008,-0.15851280093193054,-1.3596501350402832,3.6483441340540086,-10.82634434571315,126,380
293,80,0.05274394154548645,0.835621178150177,-0.1054878830909729,-1.3208030462265015,3.611686260297547,-7.1807558526846025,107,406
293,81,0.0,0.8346619606018066,-0.12454626709222794,-1.2819559574127197,0.0,-8.486919658406755,77,405
293,82,0.07911591231822968,0.8285794258117676,-0.13917343318462372,-1.2819559574127197,5.454283026452994,-9.492376128043027,77,405
293,83,0.0,0.7897610068321228,-0.29740527272224426,-1.2431087493896484,0.0,-20.63518442454946,71,401
293,84,0.026371970772743225,0.8418402671813965,0.05274394154548645,-1.2042615413665771,1.794293642052232,3.5833215589721723,77,402
293,85,0.0,0.8346619606018066,0.12454626709222794,-1.1654144525527954,0.0,8.486919658406755,78,396
293,86,-0.05274394154548645,0.842037558555603,-0.019058384001255035,-1.1654144525527954,-3.584236996778804,-1.2940559723880567,78,396
293,87,-0.19778978824615479,1.2478011846542358,-0.07911591231822968,-0.7769429683685303,-9.007054702816594,-3.5833216316268395,92,397
293,88,-0.15823182463645935,1.2369049787521362,-0.21775341033935547,-0.7380958199501038,-7.2900027839915715,-9.905337847689331,105,391
293,89,0.0,1.25199294090271,-0.1868194043636322,-0.6992486715316772,0.0,-8.486919825176399,80,397
293,90,0.0,1.2658545970916748,0.0,-0.6604015231132507,0.0,0.0,95,406
293,91,-0.15823182463645935,1.249216914176941,0.1296442449092865,-0.6604015231132507,-7.218916203897228,5.8783334751560465,95,406
293,92,0.0,1.2591983079910278,0.1296442449092865,-0.6215543746948242,0.0,5.878333162505145,103,419
293,93,0.0,1.256032109260559,0.1573888659477234,-0.5438600778579712,0.0,7.142301230047683,137,396
293,94,-0.03955795615911484,1.2639424800872803,0.05720618739724159,-0.5050129294395447,-1.7926166568081312,2.590178750078819,173,408
293,95,-0.07911591231822968,1.2629483938217163,0.03301524370908737,-0.46616578102111816,-3.584542542285496,1.4945228203024767,190,411
293,96,-0.11867386847734451,1.258398413658142,-0.06883092224597931,-0.42731863260269165,-5.38737287980387,-3.116998943061411,193,408
293,97,-0.15823182463645935,1.2559140920639038,0.0055192988365888596,-0.38847148418426514,-7.1808241389251535,0.2498182023179098,149,418
293,98,-0.15823182463645935,1.255804181098938,-0.017507845535874367,-0.3496243357658386,-7.181446060298977,-0.7924745933818397,144,427
293,99,-0.07911591231822968,1.257162094116211,0.12518823146820068,-0.3107771873474121,-3.600997688503354,5.675613167593774,189,435
293,100,0.0,1.2607975006103516,0.1130378246307373,-0.2719300389289856,0.0,5.123201939005046,207,428
293,101,-0.07911591231822968,1.2596101760864258,0.09752388298511505,-0.23308289051055908,-3.5940174267081524,4.418555682481239,234,414
293,102,0.0,1.265136480331421,0.042632199823856354,-0.19423574209213257,0.0,1.9300061466301663,241,445
293,103,0.03955795615911484,1.2601163387298584,0.11370941251516342,-0.15538859367370605,1.7980560825514886,5.153722422228562,231,465
293,104,-0.07252292335033417,2.3194143772125244,-0.029362091794610023,-0.15538859367370605,-1.7909279615472287,-0.7249297273925801,94,431
293,105,0.0,1.2638334035873413,0.07150498777627945,-0.07769429683685303,0.0,3.2382202283956043,236,547
293,106,0.0,1.2658416032791138,0.00573409628123045,-0.038847148418426514,0.0,0.2595405843903205,253,562
294,0,0.0,1.049203872680664,0.10927371680736542,0.0,0.0,5.945871567391309,251,541
294,1,0.03296496346592903,1.0466221570968628,0.12753336131572723,0.038847148418426514,1.8040217014591151,6.943965363948628,180,508
294,2,-0.25712668895721436,2.369581699371338,-1.3569409847259521,0.038847148418426514,-6.193015566789319,-29.653209611369384,79,454
294,3,0.03955795615911484,1.2444063425064087,0.22863903641700745,0.07769429683685303,1.8207404410867225,10.405892828656661,160,477
294,4,-0.06592992693185806,1.023258090019226,0.2477206587791443,0.11654144525527954,-3.6865501122806723,13.58179526937353,212,440
294,5,0.0,1.0067375898361206,0.31503772735595703,0.15538859367370605,0.0,17.376432616674148,211,455
294,6,0.0,1.0183054208755493,0.2753605544567108,0.19423574209213257,0.0,15.131498699368079,184,442
294,7,-0.36261460185050964,0.7500335574150085,-0.6470932960510254,0.19423574209213257,-25.80211851008791,-37.83785774930681,184,442
294,8,0.0,1.0304450988769531,0.22572605311870575,0.23308289051055908,0.0,12.355864327170146,107,454
294,9,-0.09889489412307739,1.0265851020812988,0.22161276638507843,0.3107771873474121,-5.502543306970421,12.127252576616737,71,477
294,10,-0.09889489412307739,0.9908011555671692,0.3482848107814789,0.3496243357658386,-5.699988062057723,19.27883249209404,156,438
294,11,-0.1054878830909729,0.7841585278511047,0.2934962809085846,0.38847148418426514,-7.661642882133105,20.35185635898144,189,426
294,12,-0.07911591231822968,0.7840967774391174,0.3018364906311035,0.42731863260269165,-5.7616838286397964,20.957003466414463,184,412
294,13,-0.07911591231822968,0.7339776158332825,0.40888866782188416,0.46616578102111816,-6.152194684423987,28.981086898578738,137,399
294,14,-0.18460379540920258,1.4179686307907104,-0.36920759081840515,0.6215543746948242,-7.4175559409780805,-14.477512465591982,84,395
294,15,0.0,1.0350974798202515,0.20332880318164825,-0.38847148418426514,0.0,11.113364801265028,127,387
294,16,0.0,1.239014744758606,0.259288489818573,-0.3107771873474121,0.0,11.819708380612495,114,401
294,17,0.06592992693185806,0.9999926090240479,0.3292984068393707,-0.2719300389289856,3.772075291587367,18.18987474270916,169,424
294,18,0.06592992693185806,0.9917876720428467,0.3532419204711914,-0.23308289051055908,3.8031899960519584,19.564323889855842,151,430
294,19,0.03296496346592903,0.9758198261260986,0.39932236075401306,-0.19423574209213257,1.9348195567953852,22.24377642315018,114,424
294,20,0.0,1.0548739433288574,0.003197792451828718,-0.15538859367370605,0.0,0.17368847849220598,132,440
294,21,0.0,2.295320510864258,0.34250226616859436,-0.15538859367370605,0.0,8.486919997255637,72,405
294,22,-0.07911591231822968,1.2633150815963745,0.012787886895239353,-0.11654144525527954,-3.5835048103856812,0.5788219399402201,198,481
294,23,0.2175687700510025,2.23214054107666,0.5966709852218628,-0.11654144525527954,5.56708604738558,14.898321706344662,77,459
294,24,0.0,1.2604361772537231,0.11699744313955307,-0.07769429683685303,0.0,5.303168999920679,263,543
294,25,0.29009169340133667,2.2713496685028076,0.37765246629714966,-0.07769429683685303,7.278285307074354,9.365378528749792,69,518
294,26,0.0,1.0502218008041382,0.09901244938373566,-0.038847148418426514,0.0,5.385792623705447,262,581
295,0,0.03955795615911484,1.2498645782470703,0.19662538170814514,0.0,1.8127944721609321,8.935944319398711,294,495
295,1,0.03955795615911484,1.2480964660644531,0.20755304396152496,0.038847148418426514,1.8153608449715946,9.436985729123714,274,552
295,2,0.03955795615911484,1.2434831857681274,0.23360812664031982,0.07769429683685303,1.8220912403747604,10.634651134887982,255,519
295,3,0.06592992693185806,1.050967812538147,-0.06236303970217705,0.11654144525527954,3.5896084348131523,-3.3892269695523263,165,471
295,4,-0.11867386847734451,0.9910127520561218,0.7785872220993042,0.15538859367370605,-6.828657605662316,37.95689454812023,127,446
295,5,0.0,1.25199294090271,0.1868194043636322,0.19423574209213257,0.0,8.486919825176399,152,442
295,6,0.11867386847734451,1.2550396919250488,0.11480291187763214,0.19423574209213257,5.401705333423668,5.203419865055486,152,442
295,7,0.0,1.2353315353393555,0.276303768157959,0.23308289051055908,0.0,12.607706114600635,132,425
295,8,-0.05274394154548645,0.7208396792411804,0.4356381595134735,0.2719300389289856,-4.184882510722162,31.07891931144352,155,425
295,9,-0.06592992693185806,0.9598653316497803,0.4325287938117981,0.3107771873474121,-3.929283223863151,24.20653019796037,221,414
295,10,-0.06592992693185806,0.9381329417228699,0.47783806920051575,0.3496243357658386,-4.020012260832863,26.934980976697844,216,418
295,11,-0.03296496346592903,0.9146807789802551,0.5244441628456116,0.38847148418426514,-2.064038308835193,29.812322874321584,188,410
295,12,0.0,0.9419560432434082,0.474855899810791,0.42731863260269165,0.0,26.753442142483568,181,394
295,13,-0.09889489412307739,0.9546830058097839,0.4376865327358246,0.46616578102111816,-5.91413256007451,24.51405233942684,146,390
295,14,0.0,1.171479344367981,0.47960832715034485,-0.19423574209213257,0.0,22.264388930193753,85,416
295,15,0.0,1.263778567314148,0.07246909290552139,-0.15538859367370605,0.0,3.281928593304178,140,415
295,16,0.03955795615911484,1.2645318508148193,0.04221527278423309,-0.11654144525527954,1.7917817020138669,1.9111244006070243,205,430
295,17,0.03955795615911484,1.252254843711853,0.18077856302261353,-0.07769429683685303,1.8093365680655922,8.210566931367314,220,467
295,18,-0.14504584670066833,2.313624382019043,-0.10912290960550308,-0.07769429683685303,-3.5872948710439583,-2.6950912071162634,97,433
295,19,0.07911591231822968,1.2528855800628662,0.1625000387430191,-0.038847148418426514,3.613256580734076,7.375515235327899,244,512
295,20,0.0,2.2972168922424316,-0.32954373955726624,-0.038847148418426514,0.0,-8.16358337516073,92,472
296,0,0.03955795615911484,1.2640995979309082,0.05362098664045334,0.0,1.7923939937111681,2.427747845785811,223,535
296,1,0.03296496346592903,1.051091194152832,0.08300606161355972,0.038847148418426514,1.796356385295801,4.513142550134644,240,585
296,2,0.03296496346592903,1.0427621603012085,0.15597999095916748,0.07769429683685303,1.8106952184848901,8.503238588878027,279,559
296,3,0.03296496346592903,1.0363945960998535,0.19382700324058533,0.11654144525527954,1.8218125787433685,10.58787758560726,246,541
296,4,0.0,1.047607660293579,0.12364321947097778,0.15538859367370605,0.0,6.731158298162777,82,530
296,5,0.0,1.0268938541412354,0.24136756360530853,0.19423574209213257,0.0,13.227063170114704,103,465
296,6,0.03296496346592903,1.001505732536316,0.3296496272087097,0.2719300389289856,1.8852329603467406,18.20995688308097,103,410
296,7,0.0,1.2591983079910278,0.1296442449092865,0.3496243357658386,0.0,5.878333162505145,74,410
296,8,0.0,1.171479344367981,0.47960832715034485,0.38847148418426514,0.0,22.264388930193753,103,416
296,9,0.0,1.161505103111267,0.5032830238342285,0.42731863260269165,0.0,23.427203779594613,92,404
296,10,-0.4351375102996826,0.9725902080535889,-0.6834556460380554,0.42731863260269165,-24.103774085746885,-32.67794603137343,92,404
296,11,0.07911591231822968,1.1708085536956787,0.47469547390937805,0.46616578102111816,3.865813197890004,22.024313375971534,75,405
296,12,0.0,0.9563385248184204,0.44518089294433594,-0.3496243357658386,0.0,24.962239396079056,126,419
296,13,-0.46150949597358704,0.6819844841957092,-0.6592992544174194,-0.3496243357658386,-34.08682263469437,-38.68218624380834,126,419
296,14,-0.06592992693185806,0.9614270925521851,0.4290461540222168,-0.3107771873474121,-3.922920364823663,23.99930245088942,186,414
296,15,-0.03296496346592903,0.9565334320068359,0.4435385465621948,-0.2719300389289856,-1.9738003875079342,24.86388379411717,225,416
296,16,-0.06592992693185806,0.9571172595024109,0.43857628107070923,-0.23308289051055908,-3.9405294787646485,24.56717787179718,222,430
296,17,-0.05274394154548645,0.7394587397575378,0.40322601795196533,-0.19423574209213257,-4.079870458813602,28.54252101863041,175,437
296,18,0.0,1.6789309978485107,0.17285899817943573,-0.19423574209213257,0.0,5.8783336065392815,82,418
296,19,0.0,0.99955153465271,0.33714401721954346,-0.15538859367370605,0.0,18.639008106209396,123,437
296,20,0.3164636492729187,1.0495911836624146,-0.6329272985458374,-0.11654144525527954,16.778654911636753,-30.000000050801344,103,441
296,21,0.15823182463645935,1.2462143898010254,-0.15588538348674774,-0.07769429683685303,7.2361247172624905,-7.07372286208707,97,455
296,22,-0.03955795615911484,1.1735353469848633,0.4729034900665283,-0.038847148418426514,-1.9306159682729809,21.936845951217155,149,485
297,0,0.11867386847734451,1.260244607925415,-0.009377689100801945,0.0,5.37952698660936,-0.424461796115861,201,536
297,1,0.0,2.2119553089141846,-0.702180802822113,0.0,0.0,-17.611937063063632,93,476
297,2,-0.27690568566322327,2.922288656234741,0.328121542930603,0.0,-5.412982354722874,6.378140931537479,67,476
297,3,0.07911591231822968,1.261836290359497,0.06243298947811127,0.038847148418426514,3.587693485721634,2.8270217402782807,224,593
297,4,-0.2175687700510025,2.213580369949341,-0.6622158288955688,0.038847148418426514,-5.613467398941314,-16.57962979605556,95,525
297,5,0.11867386847734451,1.253069519996643,0.13461504876613617,0.07769429683685303,5.410147955044901,6.104560386213249,240,575
297,6,0.11867386847734451,1.237137794494629,0.24040500819683075,0.11654144525527954,5.479397897422859,10.947834061908885,200,533
297,7,0.19778978824615479,0.9445743560791016,0.4259434938430786,0.15538859367370605,11.826612509685987,23.814966280555314,199,484
297,8,-0.19778978824615479,0.9364829659461975,-0.4434504210948944,0.15538859367370605,-11.925882715526738,-24.858607372035163,199,484
297,9,0.03955795615911484,1.239612102508545,0.2533477246761322,0.19423574209213257,1.8277774465334453,11.545126088967205,179,442
297,10,0.0,1.2320517301559448,0.29057958722114563,0.23308289051055908,0.0,13.270703319209145,144,441
297,11,0.0,0.9433973431587219,0.4719860553741455,0.2719300389289856,0.0,26.579012554448838,83,451
297,12,-0.3296496272087097,0.8192218542098999,-0.5770407319068909,0.2719300389289856,-21.919538484842924,-33.1628713825834,83,451
297,13,0.06592992693185806,1.0073121786117554,0.30617788434028625,0.3107771873474121,3.7447440215309715,16.872883234043346,89,429
297,14,0.0,1.0213819742202759,0.26371970772743225,0.38847148418426514,0.0,14.477513042655318,72,409
297,15,0.09889489412307739,0.9730281233787537,0.3952283263206482,0.38847148418426514,5.8033979590721785,22.003735121266004,72,409
297,16,0.0,1.0433274507522583,0.15568283200263977,0.42731863260269165,0.0,8.486919558344967,73,406
297,17,0.03955795615911484,1.217157244682312,0.3454727232456207,0.46616578102111816,1.8614738890379168,15.837894426389056,115,406
297,18,-0.23075474798679352,1.3837591409683228,-0.46150949597358704,-0.6992486715316772,-9.467487897265753,-18.209956295268043,97,396
297,19,-0.26371970772743225,1.5814388990402222,-0.5274394154548645,-0.6604015231132507,-9.467488447932233,-18.20995727551276,102,391
297,20,-0.15823182463645935,1.6503039598464966,-0.3164636492729187,-0.6604015231132507,-5.476801092006547,-10.806922539953156,102,391
297,21,-0.26371970772743225,1.5814388990402222,-0.5274394154548645,-0.6215543746948242,-9.467488447932233,-18.20995727551276,79,396
297,22,-0.26371970772743225,1.3703278303146362,-0.9493909478187561,-0.5827072262763977,-10.893394412573064,-34.22886576518023,90,408
297,23,0.0,0.9679208993911743,0.419402539730072,-0.42731863260269165,0.0,23.427205198828737,132,404
297,24,-0.09889489412307739,0.9751192927360535,0.3900405466556549,-0.38847148418426514,-5.7910370939168745,21.700146134598896,191,416
297,25,-0.07911591231822968,0.7832750082015991,0.30396273732185364,-0.3496243357658386,-5.767687938717946,21.111667549562103,199,417
297,26,-0.1054878830909729,0.7671177387237549,0.33552202582359314,-0.3107771873474121,-7.829750474092442,23.427205466188443,123,428
297,27,-0.06592992693185806,0.9980337023735046,0.335188627243042,-0.2719300389289856,-3.7794575555596506,18.5269584105678,86,445
297,28,0.0,0.9487372636795044,0.46115827560424805,-0.23308289051055908,0.0,25.923267541576536,69,437
297,29,0.0,1.1958338022232056,0.41517388820648193,-0.19423574209213257,0.0,19.146162814717467,83,428
297,30,0.0,1.0534203052520752,0.0554533526301384,-0.15538859367370605,0.0,3.0133395982501794,97,435
297,31,-0.19778978824615479,1.0994678735733032,0.5953465104103088,-0.11654144525527954,-10.19819761529759,28.05454598570354,118,434
297,32,0.0,1.249359369277954,0.20368878543376923,-0.07769429683685303,0.0,9.259725151266396,215,441
297,33,0.0,1.251380443572998,0.19087904691696167,-0.038847148418426514,0.0,8.67274919019298,205,496
298,0,0.0,1.2591983079910278,0.1296442449092865,0.0,0.0,5.878333162505145,215,516
298,1,0.0,1.2578970193862915,0.14171434938907623,0.038847148418426514,0.0,6.427824538004859,243,561
298,2,0.03955795615911484,1.2606502771377563,0.10762815177440643,0.07769429683685303,1.7972950297687666,4.877411034121425,201,552
298,3,-0.03955795615911484,1.2609736919403076,0.10377049446105957,0.11654144525527954,-1.7968343613745115,4.702191686363606,231,519
298,4,-0.03955795615911484,1.2537808418273926,0.16987255215644836,0.15538859367370605,-1.8071358546519714,7.712127663727691,206,481
298,5,-0.23734773695468903,1.243170142173767,0.024127233773469925,0.19423574209213257,-10.808909318704833,1.09212566216899,177,440
298,6,-0.15823182463645935,1.255299687385559,-0.03966730833053589,0.23308289051055908,-7.184302068245208,-1.7957365023323841,182,453
298,7,-0.19778978824615479,1.2478011846542358,-0.07911591231822968,0.2719300389289856,-9.007054702816594,-3.5833216316268395,141,438
298,8,0.0,1.2648625373840332,0.05010686069726944,0.3107771873474121,0.0,2.2685558261062915,80,425
298,9,-0.23734773695468903,1.2096203565597534,-0.28787606954574585,0.3496243357658386,-11.101352746151706,-13.145010268785095,112,418
298,10,0.0,1.2608779668807983,0.11213640123605728,0.38847148418426514,0.0,5.082239000881916,144,422
298,11,0.0,1.2597004175186157,0.12467001378536224,0.42731863260269165,0.0,5.6520426036008145,157,419
298,12,0.11867386847734451,1.202075481414795,0.37857475876808167,0.46616578102111816,5.638206438254132,17.401546562293955,154,418
298,13,0.11867386847734451,1.2157517671585083,0.3320421576499939,0.5050129294395447,5.575182738212207,15.206978540643544,148,412
298,14,0.03955795615911484,1.236972689628601,0.2659353017807007,0.5438600778579712,1.831674845892223,12.127252018709859,153,392
298,15,0.06592992693185806,0.9245501756668091,0.503616452217102,-1.6704273223876953,4.078873226050925,28.516798950629237,94,399
298,16,0.0,0.9135518670082092,0.5274394154548645,-1.6315802335739136,0.0,29.999999992838863,112,402
298,17,0.0,0.9872012734413147,0.37175658345222473,-1.5927331447601318,0.0,20.635183760603045,79,415
298,18,0.06592992693185806,1.0251206159591675,0.2398967295885086,-0.6215543746948242,3.6798704967782325,13.145010316054522,81,408
298,19,0.0,1.0253746509552002,0.24774233996868134,-0.5827072262763977,0.0,13.583006498159415,131,410
298,20,0.0,0.9940194487571716,0.3531213700771332,-0.5438600778579712,0.0,19.557375425305644,141,400
298,21,0.0,0.9872012734413147,0.37175658345222473,-0.5050129294395447,0.0,20.635183760603045,140,395
298,22,-0.09889489412307739,1.0053116083145142,0.3038713037967682,-0.5050129294395447,-5.618245829110872,16.742011190693816,140,395
298,23,0.0,1.0213819742202759,0.26371970772743225,-0.46616578102111816,0.0,14.477513042655318,99,411
298,24,-0.09889489412307739,1.048161506652832,0.06592992693185806,-0.42731863260269165,-5.389947476517968,3.583321458357607,68,414
298,25,-0.03955795615911484,1.2553560733795166,0.15781034529209137,-0.2719300389289856,-1.8048697458594845,7.16152828371145,125,419
298,26,-0.13185985386371613,1.045945405960083,0.037156298756599426,-0.23308289051055908,-7.185237780567781,2.0185631252030993,116,427
298,27,-0.03955795615911484,1.258779525756836,0.12766017019748688,-0.19423574209213257,-1.7999643471147875,5.788061788448082,152,451
298,28,0.0,1.254128098487854,0.17190274596214294,-0.15538859367370605,0.0,7.804868516240909,130,483
298,29,-0.07911591231822968,1.2611944675445557,0.07427647709846497,-0.11654144525527954,-3.5895144932888368,3.363873385746551,125,497
298,30,0.03955795615911484,1.2634282112121582,0.06761891394853592,-0.07769429683685303,1.793345851457171,3.062060294894195,203,494
298,31,0.0,1.261155128479004,0.10897516459226608,-0.038847148418426514,0.0,4.93860450828752,260,513
299,0,0.03955795615911484,1.243708848953247,0.2324036955833435,0.0,1.8217608561226184,10.57918788464088,276,505
299,1,0.09889489412307739,1.0344516038894653,0.1813807487487793,0.038847148418426514,5.460953055264732,9.900903394856277,211,520
299,2,0.03955795615911484,1.2510610818862915,0.18886268138885498,0.11654144525527954,1.811061886867796,8.58043919603035,200,487
299,3,-0.3164636492729187,2.392200469970703,0.766015350818634,0.11654144525527954,-7.535887972100592,17.61193570369129,98,434
299,4,-0.11867386847734451,1.2601945400238037,-0.014629515819251537,0.15538859367370605,-5.379739462864638,-0.6621836306881546,163,474
299,5,-0.11867386847734451,1.260237216949463,0.010320885106921196,0.19423574209213257,-5.379558351098972,0.46715453204418644,157,442
299,6,-0.23734773695468903,2.4754559993743896,-0.47469547390937805,0.19423574209213257,-5.476800960936588,-10.806922288183708,85,402
299,7,-0.11867386847734451,1.2591161727905273,0.05413825437426567,0.23308289051055908,-5.38431986196003,2.4511818226462236,164,417
299,8,-0.03955795615911484,1.2609528303146362,0.10402382910251617,0.23308289051055908,-1.7968640693158198,4.713697027735299,164,417
299,9,-0.15823182463645935,1.254162073135376,0.06654402613639832,0.2719300389289856,-7.190750558475351,3.0133397639066284,91,425
299,10,0.07911591231822968,1.2351642847061157,0.2655138373374939,0.3496243357658386,3.6649568272863235,12.107741189601612,109,425
299,11,0.11867386847734451,1.1867547035217285,0.42416712641716003,0.38847148418426514,5.710516572211516,19.577621585730032,118,420
299,12,-0.19778978824615479,1.2277346849441528,-0.23650477826595306,0.38847148418426514,-9.151797261438018,-10.768082372819867,118,420
299,13,0.07911591231822968,1.2153469324111938,0.34505119919776917,0.42731863260269165,3.724550458390422,15.818064139078658,88,411
299,14,0.23734773695468903,1.0196316242218018,0.7116217613220215,0.42731863260269165,13.103839335303471,34.205794268350374,88,411
299,15,0.07911591231822968,1.2153469324111938,0.34505119919776917,0.5050129294395447,3.724550458390422,15.818064139078658,88,407
299,16,0.0,1.036237120628357,0.1974385529756546,0.5438600778579712,0.0,10.787502096024374,89,418
299,17,0.0,1.2256584167480469,0.3164636492729187,0.5827072262763977,0.0,14.477512503083895,103,409
299,18,0.03955795615911484,1.2478951215744019,0.20876015722751617,0.6215543746948242,1.8156535524813437,9.492376809488906,78,409
299,19,-0.39557957649230957,1.1047935485839844,-0.47469547390937805,0.6215543746948242,-19.700285780730052,-22.024313453053406,78,409
299,20,0.11867386847734451,1.132076621055603,0.5538113713264465,0.8546372652053833,5.984372428313986,25.94447786000146,89,394
299,21,0.03955795615911484,1.1510703563690186,0.5252238512039185,0.9323315620422363,1.968265692855187,24.51405262483908,83,401
299,22,0.23734773695468903,1.0866588354110718,0.6043397188186646,0.9323315620422363,12.321027497232397,28.516797168146166,83,401
299,23,0.07911591231822968,1.230144739151001,0.28787606954574585,0.9711787104606628,3.6798704967782325,13.145010053337872,91,398
299,24,-0.18460379540920258,0.760343611240387,-0.3161826729774475,2.214287519454956,-13.646784217629541,-22.003734995614717,121,394
299,25,-0.18460379540920258,0.7789785265922546,-0.2669949531555176,2.2531347274780273,-13.332114151198336,-18.444207410137402,124,399
299,26,-0.15823182463645935,0.7661499977111816,-0.3164636492729187,2.330828905105591,-11.669146600545055,-22.02431305788535,108,392
299,27,-0.05274394154548645,0.8102313280105591,-0.23003414273262024,2.330828905105591,-3.724550276240281,-15.818064054164033,108,392
299,28,-0.15823182463645935,0.7661499977111816,-0.3164636492729187,2.369676113128662,-11.669146600545055,-22.02431305788535,150,399
299,29,-0.13185985386371613,0.7663695812225342,-0.32781556248664856,2.4085230827331543,-9.762597040143573,-22.858192352831182,173,398
299,30,-0.15823182463645935,0.7739632725715637,-0.2968432903289795,2.4473702907562256,-11.554528289973588,-20.594418249459903,176,396
299,31,-0.07911591231822968,0.6691392660140991,0.5081000924110413,-2.486217498779297,-6.7430807323010695,37.01926181620765,144,401
299,32,-0.026371970772743225,0.6584686040878296,0.5271584391593933,-2.4473702907562256,-2.2934965906577003,38.657753463813435,119,407
299,33,-0.026371970772743225,0.6790372729301453,0.5003851652145386,-2.4085230827331543,-2.2240953064351023,36.36602552841962,143,407
299,34,-0.026371970772743225,0.6659203171730042,0.5177133083343506,-2.369676113128662,-2.2678590895513766,37.841182670731556,175,409
299,35,-0.05274394154548645,0.6779683232307434,0.4997493624687195,-2.330828905105591,-4.448482935277322,36.312437136513715,179,399
299,36,0.0,0.6845852136611938,0.4934728741645813,-2.2919816970825195,0.0,35.78537700613574,171,395
299,37,-0.026371970772743225,0.6776042580604553,0.5023239850997925,-2.2531347274780273,-2.228794141737094,36.52966870501654,177,411
299,38,-0.05274394154548645,0.7044755816459656,0.4616325795650482,-2.214287519454956,-4.281734726103951,33.162869947708344,203,405
299,39,-0.026371970772743225,0.6973038911819458,0.47459903359413147,-2.1754403114318848,-2.1658889940465302,34.22094581317631,212,411
299,40,-0.026371970772743225,0.6991581320762634,0.47186315059661865,-2.1365931034088135,-2.160150277582954,33.996604538464155,219,409
299,41,-0.07911591231822968,0.7136791944503784,0.4433678388595581,-2.097745895385742,-6.325775933926387,31.69367291117296,212,408
299,42,-0.05274394154548645,0.703823447227478,0.46262624859809875,-2.05889892578125,-4.285687234339874,33.24349750197438,177,413
299,43,-0.23734773695468903,0.7719969153404236,0.2446613311767578,-2.0200517177581787,-17.089861550317966,16.85295094846273,94,402
299,44,-0.026371970772743225,0.7666645646095276,0.35171347856521606,-1.9812045097351074,-1.9701016001104894,24.630830828564967,150,408
299,45,0.0,0.7423661947250366,0.4013288617134094,-1.9423574209213257,0.0,28.39599608099866,163,414
299,46,-0.026371970772743225,0.7447657585144043,0.3959808647632599,-1.903510332107544,-2.027982030646941,27.984036391051944,155,403
299,47,0.0,0.7515605688095093,0.38383474946022034,-1.8646631240844727,0.0,27.054173022095018,166,407
299,48,-0.34283560514450073,0.6356375813484192,-0.4365787208080292,-1.8646631240844727,-28.340516805205265,-31.153509720045953,166,407
299,49,-0.05274394154548645,0.7550734877586365,0.37316811084747314,-1.8258159160614014,-3.9957758332107307,26.243894359939777,211,416
299,50,-0.05274394154548645,0.7483538389205933,0.3864673674106598,-1.7869688272476196,-4.0315370793287,27.255052575004854,207,420
299,51,-0.3164636492729187,1.5802611112594604,-0.5013136863708496,-1.7869688272476196,-11.324275206255544,-17.278757770166834,84,410
299,52,-0.05274394154548645,0.7516146898269653,0.38008660078048706,-1.748121738433838,-4.014103714366287,26.768792197271555,170,404
299,53,-0.026371970772743225,0.7583947777748108,0.36920759081840515,-1.7092745304107666,-1.9915670314382745,25.944480149220546,96,410
299,54,0.0,0.8136982917785645,0.22375766932964325,-1.6704273223876953,0.0,15.375638467939103,131,412
299,55,0.0,0.7650707960128784,0.3561447262763977,-1.6315802335739136,0.0,24.962240812962094,129,409
299,56,-0.26371970772743225,1.5814388990402222,-0.5274394154548645,-1.6315802335739136,-9.467488447932233,-18.20995727551276,68,400
299,57,-0.13185985386371613,0.7473092079162598,0.36920759081840515,-1.5927331447601318,-10.006623468932153,25.94448105931016,78,412
299,58,0.0,1.054878830909729,0.0,-1.5150387287139893,0.0,0.0,69,404
299,59,-0.07911591231822968,0.7665791511535645,0.3439033031463623,-1.2819559574127197,-5.892431848346789,24.04883675833228,106,412
299,60,-0.1054878830909729,0.7671177387237549,0.33552202582359314,-1.2431087493896484,-7.829750474092442,23.427205466188443,142,419
299,61,-0.05274394154548645,0.7661479711532593,0.34986820816993713,-1.2042615413665771,-3.938200931439094,24.493084118229945,165,421
299,62,-0.07911591231822968,0.7793889045715332,0.3137928545475006,-1.1654144525527954,-5.796250825212882,21.82884325533279,204,403
299,63,-0.07911591231822968,0.7851270437240601,0.29914650321006775,-1.1265673637390137,-5.7541739499470435,20.761558886200124,233,404
299,64,-0.07911591231822968,0.7798731923103333,0.31258735060691833,-1.0877201557159424,-5.792675938552777,21.740701941249547,235,419
299,65,-0.05274394154548645,0.7820412516593933,0.312732994556427,-1.048872947692871,-3.858409844309308,21.751347986968998,166,426
299,66,-0.05274394154548645,0.7944648861885071,0.27967122197151184,-1.0100258588790894,-3.798251051000248,19.353897683097482,216,426
299,67,-0.05274394154548645,0.7912017703056335,0.2887735664844513,-0.9711787104606628,-3.813869860272454,20.010240391596767,228,413
299,68,-0.05274394154548645,0.7979255318641663,0.26963913440704346,-0.9323315620422363,-3.7818257410821228,18.633557630741922,240,407
299,69,-0.05274394154548645,0.7990356087684631,0.2663317322731018,-0.8934844136238098,-3.7765869757780113,18.396747006631745,249,411
299,70,-0.07911591231822968,0.7990390658378601,0.2597106993198395,-0.8546372652053833,-5.654643339656954,17.92365353190396,240,428
299,71,-0.07911591231822968,0.7995671629905701,0.2580801546573639,-0.8157901167869568,-5.650932748142871,17.8073417804477,258,416
299,72,-0.07911591231822968,0.8039456009864807,0.24409934878349304,-0.7769429683685303,-5.620354292275457,16.81308784821913,246,421
299,73,-0.07911591231822968,0.8031027317047119,0.24685846269130707,-0.7380958199501038,-5.626215119221968,17.00888023292583,221,436
299,74,-0.05274394154548645,0.8040172457695007,0.2508918344974518,-0.6992486715316772,-3.7532545859451867,17.29546815402243,180,456
299,75,-0.07911591231822968,0.800450325012207,0.255327969789505,-0.6604015231132507,-5.644738183895915,17.611189216071267,104,465
299,76,-0.09889489412307739,1.037233829498291,0.16472753882408142,-0.6215543746948242,-5.446393058212401,8.98394987859762,129,448
299,77,-0.13185985386371613,0.8315961956977844,0.635476291179657,-0.5050129294395447,-9.009944216895043,37.04315475991955,99,412
299,78,-0.06592992693185806,1.04452645778656,-0.13185985386371613,-0.38847148418426514,-3.6116863116852995,-7.180755953653309,78,448
299,79,0.11867386847734451,1.2197902202606201,0.3168851137161255,-0.3496243357658386,5.556840271843353,14.497215329305893,125,441
299,80,0.18460379540920258,1.454288125038147,0.17887212336063385,-0.23308289051055908,7.23429662727037,6.9566842720809365,101,459
299,81,0.03955795615911484,1.2467379570007324,0.21556328237056732,-0.19423574209213257,1.8173376286940437,9.80472208015491,141,475
299,82,0.0,1.249761939048767,0.20120377838611603,-0.15538859367370605,0.0,9.145781068400904,192,480
299,83,0.0,1.2486594915390015,0.2079361081123352,-0.11654144525527954,0.0,9.454562306574545,240,502
299,84,0.0,2.288827657699585,0.38349971175193787,-0.11654144525527954,0.0,9.511720176735718,94,459
299,85,0.03955795615911484,1.2442612648010254,0.2294275313615799,-0.07769429683685303,1.8209525918835632,10.442180579577872,271,534
299,86,0.0,2.5183966159820557,0.259288489818573,-0.07769429683685303,0.0,5.878333162505145,79,476
299,87,0.03955795615911484,1.2491790056228638,0.20093487203121185,-0.038847148418426514,1.8137887030472113,9.133453237649846,296,533
300,0,-0.03955795615911484,1.261080026626587,0.10247087478637695,0.0,-1.7966829510118996,4.643171234504995,221,525
300,1,0.03955795615911484,1.264634370803833,0.03902468457818031,0.038847148418426514,1.7916365424971463,1.7666358115424545,222,485
300,2,0.03955795615911484,1.265100359916687,-0.018548525869846344,0.07769429683685303,1.7909770380672436,-0.8395832400143095,196,462
300,3,-0.03955795615911484,1.2618166208267212,-0.09296131879091263,0.07769429683685303,-1.795634811705767,-4.211455629773228,196,462
300,4,-0.03955795615911484,1.2617372274398804,-0.09403257817029953,0.11654144525527954,-1.7957477260181494,-4.260076390107756,178,434
300,5,0.0,1.250007152557373,0.19967463612556458,0.15538859367370605,0.0,9.07568395028004,177,422
300,6,0.0,1.25199294090271,0.1868194043636322,0.19423574209213257,0.0,8.486919825176399,199,413
300,7,0.0,1.0213819742202759,0.26371970772743225,0.23308289051055908,0.0,14.477513042655318,112,431
300,8,-0.07911591231822968,1.222883939743042,0.3173065781593323,0.2719300389289856,-3.701658936618572,14.516919765935706,123,459
300,9,0.0,1.240938425064087,0.24991963803768158,0.3107771873474121,0.0,11.386802748743435,117,456
300,10,-0.07911591231822968,1.261976957321167,0.05952158570289612,0.3496243357658386,-3.587294625805511,2.6950911003714153,123,441
300,11,0.0,1.257573127746582,0.14456090331077576,0.38847148418426514,0.0,6.557498151346053,120,427
300,12,-0.07911591231822968,1.2432234287261963,0.22477583587169647,0.42731863260269165,-3.641263023467152,10.228160253488277,77,433
300,13,0.0,1.2620000839233398,0.09871024638414383,0.46616578102111816,0.0,4.472415673034881,80,421
300,14,0.07911591231822968,1.230144739151001,0.28787606954574585,0.5438600778579712,3.6798704967782325,13.145010053337872,110,408
300,15,0.11867386847734451,1.2377279996871948,0.23734773695468903,0.5827072262763977,5.476800960936588,10.806922288183708,104,407
300,16,0.0,1.2591983079910278,0.1296442449092865,0.6604015231132507,0.0,5.878333162505145,74,413
300,17,0.23734773695468903,1.2332950830459595,0.15823182463645935,0.6604015231132507,10.89339410424658,7.180755430505082,74,413
300,18,-0.27690568566322327,1.0487738847732544,-0.6525216698646545,-1.3208030462265015,-14.790178111762856,-31.029487455931594,87,402
300,19,-0.13185985386371613,1.0256741046905518,-0.20826636254787445,-1.2819559574127197,-7.325718047878244,-11.386803527694207,94,407
300,20,-0.19778978824615479,1.1860792636871338,-0.39557957649230957,-1.2431087493896484,-9.467488097366502,-18.209956651468595,78,416
300,21,0.0,1.2658545970916748,0.0,-1.2042615413665771,0.0,0.0,68,402
300,22,-0.07911591231822968,1.236975908279419,0.2569420635700226,-1.0877201557159424,-3.659603880844631,11.711224385551665,78,401
300,23,-0.07911591231822968,0.8352589011192322,0.09086070954799652,-1.048872947692871,-5.410925622499953,6.180859082166937,87,405
300,24,-0.07911591231822968,0.8285794258117676,0.13917343318462372,-1.0100258588790894,-5.454283026452994,9.492376128043027,100,401
300,25,-0.09889489412307739,0.6137860417366028,0.11867386847734451,-0.9711787104606628,-9.15298897048809,10.80692251960495,107,419
300,26,-0.1054878830909729,0.8092290163040161,0.21492581069469452,-0.9323315620422363,-7.426971306610856,14.754664924009843,167,400
300,27,-0.07911591231822968,0.6090564131736755,0.15293128788471222,-0.8934844136238098,-7.401229994289593,13.98248946366005,168,419
300,28,-0.09889489412307739,0.5985185503959656,0.18053346872329712,-0.8546372652053833,-9.38236939512069,16.572938266384995,139,435
300,29,0.0,1.4759138822555542,-0.05201881751418114,-0.8546372652053833,0.0,-2.018563228835207,135,405
300,30,-0.11867386847734451,0.5843326449394226,0.2122943103313446,-0.8157901167869568,-11.480230412630766,19.597871094740448,117,439
300,31,0.0,1.2621291875839233,-0.09704523533582687,-0.8157901167869568,0.0,-4.39682684561372,172,413
300,32,0.0,1.2620000839233398,-0.09871024638414383,-0.7769429683685303,0.0,-4.472415673034881,199,415
300,33,0.0,1.2657920122146606,-0.012587592005729675,-0.7380958199501038,0.0,-0.5697556291280502,228,417
300,34,-0.07911591231822968,1.2633748054504395,0.0035786419175565243,-0.6992486715316772,-3.5833358478074784,0.16197858827425238,230,408
300,35,-0.09889489412307739,0.6182146072387695,0.09288426488637924,-0.6604015231132507,-9.088519932065896,8.438830603746903,164,439
300,36,-0.09230189770460129,1.4726134538650513,0.06259334087371826,-0.6604015231132507,-3.586548715462936,2.4291272203608236,182,411
300,37,-0.11867386847734451,0.612495481967926,0.10659654438495636,-0.6215543746948242,-10.965455353426085,9.695868105371803,128,453
300,38,0.0,1.263778567314148,-0.07246909290552139,-0.6215543746948242,0.0,-3.281928593304178,163,425
300,39,-0.13845284283161163,0.6163302659988403,0.03955795615911484,-0.5827072262763977,-12.660785862035603,3.5833214646545217,73,460
300,40,0.0,1.2613003253936768,0.10728201270103455,-0.5827072262763977,0.0,4.861686892648574,106,440
300,41,-0.07911591231822968,0.6246084570884705,0.06482212245464325,-0.5438600778579712,-7.218916203897228,5.8783334751560465,105,465
300,42,0.0,1.0545638799667358,0.02577834017574787,-0.5050129294395447,0.0,1.4002907222063694,118,462
300,43,-0.09889489412307739,0.6237399578094482,0.042014386504888535,-0.46616578102111816,-9.009336287427397,3.8061535880828585,78,479
300,44,-0.07911591231822968,1.2102394104003906,0.36255908012390137,-0.46616578102111816,-3.7402244968014156,16.64341723708086,106,460
300,45,0.0,2.308530330657959,-0.23768113553524017,-0.46616578102111816,0.0,-5.878333399259111,80,422
300,46,0.03955795615911484,1.2627694606781006,-0.07897128164768219,-0.38847148418426514,1.794280777070893,-3.576762390705756,144,451
300,47,-0.07911591231822968,1.2399957180023193,0.24194887280464172,-0.3496243357658386,-3.650715637100334,11.019017230589874,119,471
300,48,-0.23734773695468903,2.5205588340759277,-0.000842953275423497,-0.3107771873474121,-5.379379274883634,-0.019077098536885228,74,429
300,49,0.0,1.263778567314148,0.07246909290552139,-0.2719300389289856,0.0,3.281928593304178,123,458
300,50,0.03955795615911484,1.2561229467391968,0.15158499777317047,-0.23308289051055908,1.8037685862089379,6.877625243293651,68,475
300,51,0.15823182463645935,1.2154017686843872,-0.3164636492729187,-0.19423574209213257,7.417555427100588,-14.477511510134752,76,473
300,52,-0.11867386847734451,1.259642481803894,-0.040064867585897446,-0.15538859367370605,-5.382083376569114,-1.813740109027667,177,485
300,53,0.0,1.2541322708129883,0.1718728393316269,-0.11654144525527954,0.0,7.803501760615687,250,504
300,54,0.06592992693185806,1.003947138786316,0.317037433385849,-0.07769429683685303,3.7572597979981817,17.490275988719187,190,553
300,55,-0.03955795615911484,1.258102536201477,-0.13416849076747894,-0.038847148418426514,-1.800932276828745,-6.084232993779287,191,566
301,0,0.1054878830909729,0.8333302736282349,0.08127332478761673,0.0,7.214467653717235,5.526519792209773,132,552
301,1,0.0,2.3039710521698,-0.2784275710582733,0.0,0.0,-6.890598974627816,148,457
301,2,-0.03296496346592903,1.0517857074737549,0.07368505746126175,0.038847148418426514,-1.795170994739773,4.0054681958329255,100,562
301,3,-0.03955795615911484,1.2642416954040527,-0.050159212201833725,0.07769429683685303,-1.792192664685462,-2.270927314018615,177,531
301,4,-0.03955795615911484,1.2652225494384766,-0.005923416465520859,0.11654144525527954,-1.7908041861635933,-0.268109770944297,223,514
301,5,-0.03955795615911484,1.2648953199386597,0.029375355690717697,0.15538859367370605,-1.7912671669572602,1.3297222119319017,250,492
301,6,-0.03955795615911484,1.2650423049926758,0.022155610844492912,0.19423574209213257,-1.791059175490902,1.0028702099767701,249,467
301,7,-0.09889489412307739,0.6251534223556519,-5.022916229791008e-05,0.23308289051055908,-8.989299285953956,-0.00454699754859127,146,477
301,8,-0.03955795615911484,1.2634066343307495,0.06802067905664444,0.23308289051055908,-1.793376458818049,3.0802713792506653,214,451
301,9,-0.09889489412307739,0.6228296756744385,0.05385174602270126,0.2719300389289856,-9.02228723400111,4.880833084624587,141,450
301,10,-0.11867386847734451,0.6214034557342529,0.01926727220416069,0.3107771873474121,-10.811993946915173,1.744440394542751,102,455
301,11,-0.07911591231822968,1.2575043439865112,-0.12170186638832092,0.3107771873474121,-3.6000201973101738,-5.517055862455499,146,431
301,12,-0.03296496346592903,1.0542681217193604,0.014189920388162136,0.3496243357658386,-1.7909467823600127,0.7707492653491643,156,433
301,13,-0.11867386847734451,1.2544212341308594,0.12137440592050552,0.38847148418426514,-5.404352731151577,5.502165348325896,149,424
301,14,-0.09889489412307739,0.624049723148346,-0.03713076189160347,0.46616578102111816,-9.004937537496364,-3.363195398730075,158,426
301,15,-0.07911591231822968,0.6257386803627014,-0.052808500826358795,0.5050129294395447,-7.206014420916003,-4.786056531869918,114,423
301,16,-0.16482481360435486,1.0398343801498413,-0.06592992693185806,0.6215543746948242,-9.007053661022887,-3.583321437062192,76,406
301,17,0.0,1.0493319034576416,-0.10803687572479248,0.6604015231132507,0.0,-5.87833354139408,79,406
301,18,-0.19778978824615479,1.2275720834732056,0.23734773695468903,0.6992486715316772,-9.15298897048809,10.80692251960495,90,393
301,19,-0.11867386847734451,1.2577937841415405,0.07911591231822968,0.6992486715316772,-5.389947376245126,3.5833215266937097,90,393
301,20,0.0,1.2658545970916748,0.0,-0.6215543746948242,0.0,0.0,72,398
301,21,0.0,1.2648625373840332,-0.05010686069726944,-0.42731863260269165,0.0,-2.2685558261062915,147,419
301,22,0.0,1.263702630996704,-0.0737815797328949,-0.38847148418426514,0.0,-3.3414344106096663,139,419
301,23,0.0,1.264562726020813,-0.057175152003765106,-0.3496243357658386,0.0,-2.5887726439612506,115,424
301,24,0.03955795615911484,1.2619086503982544,0.09170350432395935,-0.3107771873474121,1.7955039438089686,4.154371729556185,145,432
301,25,0.0,1.2658060789108276,0.011087127961218357,-0.2719300389289856,0.0,0.501837845455458,167,450
301,26,-0.03955795615911484,1.2649790048599243,0.02551940083503723,-0.23308289051055908,-1.7911487425382386,1.1551508246487607,210,438
301,27,0.0,1.2637414932250977,0.07311301678419113,-0.19423574209213257,0.0,3.3111224822563585,200,455
301,28,-0.29009169340133667,2.228236675262451,-0.5801833868026733,-0.19423574209213257,-7.417555476862771,-14.477511602658046,73,427
301,29,0.13185985386371613,0.9611160755157471,0.41429242491722107,-0.15538859367370605,7.811897587363205,23.125057470921803,208,456
301,30,0.13185985386371613,1.0127878189086914,0.26390013098716736,-0.11654144525527954,7.417895732277838,14.487632727556571,261,490
301,31,0.09889489412307739,1.0445904731750488,0.1087198406457901,-0.07769429683685303,5.40826446307665,5.915626013351152,236,550
301,32,0.13185985386371613,1.0378175973892212,0.1353403627872467,-0.038847148418426514,7.240914970872699,7.371334301399111,182,588
301,33,0.0,2.315455436706543,-0.15642793476581573,-0.038847148418426514,0.0,-3.8649252476093294,135,526
302,0,0.09889489412307739,1.043202519416809,0.1213165819644928,0.0,5.415417268590671,6.6039264974193825,248,534
302,1,0.14504584670066833,2.293804883956909,0.32128632068634033,0.0,3.618208711773925,7.957684869043989,133,457
302,2,0.0,0.9095131754875183,0.5343735814094543,0.038847148418426514,0.0,30.435855711433174,96,540
302,3,-0.15823182463645935,0.8145431280136108,-0.1538006067276001,0.07769429683685303,-10.993267920494542,-10.500792818023386,101,510
302,4,0.06592992693185806,2.104600667953491,0.13185985386371613,0.07769429683685303,1.794293642052232,3.583321558972172,111,446
302,5,-0.13185985386371613,0.8291341066360474,-0.08556833118200302,0.11654144525527954,-9.036258164982257,-5.819559898207459,192,425
302,6,-0.07911591231822968,0.6128818392753601,-0.13679717481136322,0.15538859367370605,-7.355541183395138,-12.482071572991744,150,421
302,7,-0.07911591231822968,0.6022307872772217,-0.17792057991027832,0.19423574209213257,-7.484169119917244,-16.326311670396734,147,412
302,8,-0.13185985386371613,1.0128347873687744,-0.26371970772743225,-0.19423574209213257,-7.4175555709862815,-14.477511777662764,93,412
302,9,0.23075474798679352,0.9424641132354736,0.41386353969573975,-0.19423574209213257,13.757757384285927,23.099729187934532,93,412
302,10,-0.06592992693185806,1.032971978187561,-0.2034493088722229,-0.15538859367370605,-3.6519767010223094,-11.120034780346307,168,440
302,11,0.3296496272087097,0.8477968573570251,0.5341731309890747,-0.15538859367370605,21.247620139568994,30.423229221451923,168,440
302,12,0.06592992693185806,1.028728723526001,0.2239193618297577,-0.11654144525527954,3.6669991954731964,12.25542581873733,196,474
302,13,0.03955795615911484,1.26258385181427,0.08188346028327942,-0.07769429683685303,1.7945443767305091,3.708842179136393,251,521
302,14,0.09889489412307739,1.04683518409729,0.08441177010536194,-0.038847148418426514,5.396736155426422,4.589735078128834,261,561
303,0,0.06592992693185806,1.0450592041015625,0.12756934762001038,0.0,3.609850029583912,6.94593426113399,176,570
303,1,-0.03955795615911484,1.2649043798446655,0.028983041644096375,0.038847148418426514,-1.7912543453243381,1.3119603568046156,234,513
303,2,-0.07252292335033417,2.258580207824707,-0.5285455584526062,0.038847148418426514,-1.8391333665682623,-13.164602327033917,102,455
303,3,0.0,1.2654495239257812,0.03202448785305023,0.07769429683685303,0.0,1.4496638614496657,222,466
303,4,-0.15823182463645935,2.523953914642334,-0.11904317140579224,0.07769429683685303,-3.587294625805511,-2.6950911003714153,84,414
303,5,0.0,1.054878830909729,0.0,0.11654144525527954,0.0,0.0,67,427
303,6,0.16482481360435486,1.0272963047027588,0.17396679520606995,-0.19423574209213257,9.115149432880026,9.492376634895137,75,407
303,7,0.19778978824615479,1.0022327899932861,0.2630172371864319,-0.15538859367370605,11.163817382269304,14.4381091189257,139,420
303,8,0.16482481360435486,1.0130411386489868,0.2436184585094452,-0.11654144525527954,9.241216667906906,13.35268341864644,196,489
303,9,-0.19778978824615479,0.807640016078949,-0.6491273045539856,-0.11654144525527954,-13.760811668116188,-37.977879020550326,196,489
303,10,0.09889489412307739,1.0413380861282349,0.13639745116233826,-0.07769429683685303,5.425055348189429,7.42923210520976,230,567
303,11,0.06592992693185806,1.0463638305664062,0.11638487130403519,-0.038847148418426514,3.605361078418893,6.334343566957998,210,613
304,0,0.19778978824615479,1.0247386693954468,0.15349067747592926,0.0,10.92459452629519,8.366552302633904,224,495
304,1,-0.19778978824615479,0.8399669528007507,-0.6067157983779907,0.0,-13.250247238764052,-35.11028625379984,224,495
304,2,-0.06592992693185806,1.0477514266967773,-0.10314902663230896,0.038847148418426514,-3.6005988652833745,-5.6115091662508645,181,540
304,3,0.0,2.320371389389038,0.04099743813276291,0.038847148418426514,0.0,1.0122240792635888,130,464
304,4,-0.07911591231822968,0.8243527412414551,-0.16234418749809265,0.07769429683685303,-5.482078708719257,-11.0913037074906,160,499
304,5,0.0,2.0650243759155273,-0.4321475028991699,0.07769429683685303,0.0,-11.819710013962274,85,451
304,6,-0.11867386847734451,0.597284197807312,-0.17252559959888458,0.11654144525527954,-11.23769489527482,-15.818063600475945,92,431
304,7,-0.09230189770460129,1.4623370170593262,-0.18460379540920258,0.11654144525527954,-3.6116863704141613,-7.180756069046116,82,416
304,8,0.23075474798679352,0.9592057466506958,0.37342458963394165,-0.11654144525527954,13.526531375152587,20.73202306937017,149,436
304,9,-0.13185985386371613,0.8733012676239014,-0.5768251419067383,-0.11654144525527954,-8.586238312857466,-33.14888363629136,149,436
304,10,0.19778978824615479,1.0031230449676514,0.25960126519203186,-0.07769429683685303,11.154158224170958,14.246601485911967,251,472
304,11,0.16482481360435486,1.0172699689865112,0.22530877590179443,-0.038847148418426514,9.203459321532291,12.332662948054235,230,536
304,12,0.23075474798679352,0.9958082437515259,0.2605522871017456,-0.038847148418426514,13.046657728958074,14.299902608991824,230,536
305,0,0.13185985386371613,1.025556206703186,0.20884627103805542,0.0,7.326551062883829,11.418935256853967,262,483
305,1,0.15823182463645935,1.253630518913269,0.0759027749300003,0.038847148418426514,7.19376758694666,3.4376133683667254,204,497
305,2,-0.1054878830909729,0.7725823521614075,-0.3227401375770569,0.07769429683685303,-7.77504899158841,-22.48474603870297,160,443
305,3,-0.09889489412307739,0.6163777709007263,-0.10438007861375809,0.11654144525527954,-9.115150146363897,-9.492376929565102,70,423
305,4,-0.03955795615911484,0.6195653080940247,-0.12317049503326416,0.11654144525527954,-3.6532574924112167,-11.221619905677136,70,423
305,5,0.07911591231822968,1.2628095149993896,0.037956446409225464,0.11654144525527954,3.5849357281691834,1.7182622600330693,105,418
305,6,0.03955795615911484,1.2606438398361206,-0.10770349204540253,0.15538859367370605,1.7973042013853568,-4.8808335382402,79,402
305,7,0.11867386847734451,1.248651385307312,0.1708037257194519,-0.15538859367370605,5.429176635552261,7.754662352466594,106,413
305,8,0.15823182463645935,1.2502716779708862,0.11904317140579224,-0.11654144525527954,7.212890292901504,5.396168767233091,176,413
305,9,0.13185985386371613,1.0296963453292847,0.18737062811851501,-0.07769429683685303,7.297411093916715,10.23133053099045,273,461
305,10,0.13185985386371613,1.031074047088623,0.17963461577892303,-0.038847148418426514,7.287765328216852,9.804642283016346,289,510
306,0,0.06592992693185806,1.047993540763855,0.10065792500972748,0.0,3.5997692198005136,5.47556982178197,239,443
306,1,0.23734773695468903,1.2433297634124756,0.013609329238533974,0.038847148418426514,10.80755433303021,0.6160044789350579,180,496
306,2,-0.23734773695468903,1.1536918878555298,0.463733971118927,0.038847148418426514,-11.625197833863378,21.490108928133377,180,496
306,3,-0.19778978824615479,1.2409974336624146,0.15229104459285736,0.07769429683685303,-9.055619668073163,6.909814795292323,147,437
306,4,0.19778978824615479,1.2503019571304321,-0.0034855545964092016,0.07769429683685303,8.98933385237578,-0.1577652095027737,147,437
306,5,0.06592992693185806,1.04452645778656,0.13185985386371613,-0.15538859367370605,3.6116863116852995,7.180755953653309,81,404
306,6,-0.26371970772743225,0.8746592998504639,-0.5274394154548645,-0.15538859367370605,-16.77865527135102,-30.00000056740162,81,404
306,7,0.13185985386371613,1.0455200672149658,0.04764596000313759,-0.11654144525527954,7.188130311599164,2.588772639068052,147,403
306,8,0.09889489412307739,1.046814203262329,0.08467166870832443,-0.07769429683685303,5.396843681192088,4.603896995870153,233,432
306,9,0.09889489412307739,1.0443576574325562,0.11093351244926453,-0.038847148418426514,5.40946296134098,6.036518955843431,234,508
307,0,-0.11867386847734451,1.2518336772918701,0.145659938454628,0.0,-5.4154572561628385,6.607573711807001,115,412
307,1,0.23734773695468903,1.1712090969085693,-0.41752031445503235,0.0,11.455955873986532,-19.258624687621236,115,412
307,2,0.09889489412307739,0.9945281147956848,0.33749523758888245,0.038847148418426514,5.678767430836512,18.65914135761132,106,471
307,3,0.16482481360435486,0.9570443034172058,0.4119081497192383,0.07769429683685303,9.771777417513421,22.984314557968048,68,424
307,4,-0.06592992693185806,0.9756738543510437,0.39557957649230957,0.07769429683685303,-3.865812962440674,22.02431291499231,68,424
307,5,-0.07911591231822968,1.2633776664733887,-0.002346431603655219,-0.07769429683685303,-3.5833277541911484,-0.10620548445408687,125,412
307,6,-0.03955795615911484,1.263744831085205,0.061415791511535645,-0.038847148418426514,-1.7928968381060881,2.780925861442431,168,432
308,0,0.06592992693185806,1.0289634466171265,0.22283793985843658,0.0,3.666164975695049,12.19532621036684,217,419
308,1,0.09889489412307739,1.0218870639801025,0.24235516786575317,0.038847148418426514,5.527684450897654,13.282172343852034,224,488
308,2,0.09889489412307739,1.0210890769958496,0.24569544196128845,0.07769429683685303,5.5319775812016365,13.468658179815026,196,437
308,3,0.09889489412307739,1.031440019607544,0.19778978824615479,0.11654144525527954,5.476801061132866,10.80692248064857,113,403
308,4,0.09889489412307739,1.031440019607544,0.19778978824615479,-0.11654144525527954,5.476801061132866,10.80692248064857,84,399
308,5,0.07911591231822968,0.8266708850860596,0.15009422600269318,-0.07769429683685303,5.466799167888853,10.244972074539142,125,413
308,6,0.06592992693185806,1.024198055267334,0.24380508065223694,-0.038847148418426514,3.683176071408629,13.363102836434768,198,462
309,0,0.0,1.0336580276489258,0.21052420139312744,0.0,0.0,11.511927594621232,213,416
309,1,0.03296496346592903,1.0277364253997803,0.23545780777931213,0.038847148418426514,1.837149974412348,12.897548234449435,254,492
309,2,0.03296496346592903,1.0259559154510498,0.24309884011745453,0.07769429683685303,1.840336092210557,13.3236794153026,236,424
309,3,0.0,1.0213819742202759,0.26371970772743225,0.11654144525527954,0.0,14.477513042655318,151,403
309,4,0.07911591231822968,1.236975908279419,0.2569420635700226,0.15538859367370605,3.659603880844631,11.711224385551665,105,393
309,5,0.0,1.0213819742202759,0.26371970772743225,-0.15538859367370605,0.0,14.477513042655318,71,411
309,6,0.09889489412307739,1.004718542098999,0.30582666397094727,-0.15538859367370605,5.6215409366926234,16.852949415803533,71,411
309,7,0.03296496346592903,1.0428589582443237,0.1553315967321396,-0.11654144525527954,1.8105272620107131,8.467631135552597,139,399
309,8,0.03296496346592903,1.0297904014587402,0.22630593180656433,-0.038847148418426514,1.8334881768917517,12.388109381466638,251,473
310,0,0.03296496346592903,1.037528157234192,0.1876644343137741,0.0,1.819823479419559,10.247547039817677,222,401
310,1,0.03296496346592903,1.0334185361862183,0.20911410450935364,0.038847148418426514,1.8270555212187232,11.433777062008167,281,464
310,2,0.03296496346592903,1.0316027402877808,0.21789580583572388,0.07769429683685303,1.8302692636153133,11.920836412940751,246,414
310,3,0.0,1.0377821922302246,0.189149409532547,0.11654144525527954,0.0,10.329521276187531,156,397
310,4,0.0,1.161505103111267,0.5032830238342285,0.15538859367370605,0.0,23.427203779594613,85,404
310,5,0.07911591231822968,1.1999911069869995,0.3951580822467804,0.15538859367370605,3.772075366315959,18.18987482254842,85,404
310,6,0.0,1.0213819742202759,0.26371970772743225,-0.15538859367370605,0.0,14.477513042655318,69,423
310,7,0.09889489412307739,1.0493885278701782,0.04210694506764412,-0.15538859367370605,5.383682210437581,2.287647786373322,69,423
310,8,0.0,1.044189453125,0.1497925966978073,-0.11654144525527954,0.0,8.163583054007402,125,411
310,9,0.0,1.0346518754959106,0.2055840790271759,-0.07769429683685303,0.0,11.238228371233166,220,411
310,10,0.03296496346592903,1.0369770526885986,0.19068625569343567,-0.038847148418426514,1.8207899791919262,10.414381933932233,270,455
